2 268
55 276
72 275
88 277
105 284
121 288
137 294
153 300
170 309
186 309
202 316
219 324
235 327
251 336
268 346
284 354
300 362
317 375
333 390
349 398
366 403
382 420
398 422
415 441
431 450
447 464
464 497
480 488
496 503
513 514
529 532
545 546
562 562
578 579
594 590
610 606
627 625
643 646
659 660
677 689
694 704
710 722
726 738
743 749
759 779
775 872
791 819
808 843
824 860
840 881
857 904
873 924
889 947
906 968
922 993
938 1010
955 1042
971 1057
987 1086
1004 1109
1020 1133
1036 1159
1053 1186
1069 1206
1085 1233
1102 1255
1118 1280
1134 1306
1151 1332
1167 1355
1183 1385
1200 1404
1216 1435
1232 1466
1248 1494
1265 1509
1281 1537
1297 1561
1314 1580
1330 1612
1346 1641
1363 1673
1379 1699
1395 1724
1412 1763
1428 1781
1444 1807
1461 1831
1477 1862
1493 1890
1510 1914
1526 1944
1542 1969
1559 1996
1575 2025
1591 2049
1608 2076
1624 2103
1640 2128
1657 2152
1674 2180
1691 2207
1707 2236
1724 2259
1740 2287
1756 2315
1773 2334
1789 2360
1805 2383
1821 2414
1838 2436
1854 2463
1870 2484
1887 2498
1903 2534
1919 2558
1936 2568
1952 2608
1968 2625
1985 2649
2001 2671
2017 2687
2034 2714
2050 2735
2066 2759
2083 2779
2099 2813
2115 2831
2132 2841
2148 2865
2164 2883
2181 2903
2197 2920
2213 2942
2230 2956
2246 2974
2262 2995
2278 3012
2295 3023
2311 3048
2327 3058
2344 3072
2360 3106
2376 3101
2393 3110
2409 3130
2425 3147
2442 3159
2458 3168
2474 3192
2491 3194
2507 3209
2523 3215
2540 3232
2556 3241
2572 3251
2589 3249
2605 3271
2621 3277
2638 3282
2654 3310
2670 3300
2688 3307
2704 3312
2721 3312
2737 3322
2753 3329
2770 3332
2786 3336
2802 3349
2819 3349
2835 3354
2851 3354
2868 3357
2884 3356
2900 3366
2917 3368
2933 3365
2949 3363
2965 3355
2982 3354
2998 3355
3014 3347
3031 3344
3047 3345
3063 3337
3080 3327
3096 3327
3112 3322
3129 3319
3145 3313
3161 3308
3178 3307
3194 3294
3210 3287
3227 3279
3243 3247
3259 3259
3276 3246
3292 3239
3308 3228
3325 3214
3341 3206
3357 3203
3374 3179
3390 3173
3406 3157
3422 3141
3439 3126
3455 3108
3471 3099
3488 3087
3504 3069
3520 3053
3537 3039
3553 3030
3569 3008
3586 2992
3602 2971
3618 2956
3635 2936
3651 2918
3667 2898
3685 2882
3701 2855
3718 2838
3734 2822
3750 2795
3767 2776
3783 2755
3799 2724
3816 2707
3832 2689
3848 2665
3865 2641
3881 2630
3897 2602
3914 2575
3930 2552
3946 2526
3963 2502
3979 2483
3995 2453
4011 2429
4028 2403
4044 2382
4060 2354
4077 2333
4093 2306
4109 2281
4126 2256
4142 2233
4158 2193
4175 2177
4191 2152
4207 2125
4224 2100
4240 2077
4256 2050
4273 2025
4289 1995
4305 1973
4322 1942
4338 1920
4354 1886
4371 1864
4387 1831
4403 1805
4420 1783
4436 1759
4452 1727
4468 1697
4485 1672
4501 1645
4517 1614
4534 1592
4550 1560
4566 1536
4583 1515
4599 1483
4615 1468
4632 1439
4648 1406
4664 1380
4682 1360
4698 1330
4715 1306
4731 1272
4747 1257
4764 1230
4780 1202
4796 1179
4813 1155
4829 1130
4845 1110
4862 1094
4878 1057
4894 1035
4911 1018
4927 993
4943 974
4960 956
4976 929
4992 908
5009 887
5025 861
5041 840
5058 819
5074 797
5090 774
5106 760
5123 735
5139 720
5155 701
5172 681
5188 663
5204 651
5221 624
5237 606
5253 594
5270 580
5286 565
5302 550
5319 540
5335 523
5351 498
5368 487
5384 476
5400 466
5417 452
5433 440
5449 430
5466 417
5482 406
5498 400
5515 386
5531 377
5547 370
5563 360
5580 345
5596 337
5612 327
5629 325
5645 326
5661 311
5679 309
5695 297
5712 297
5728 291
5744 283
5761 280
5777 275
5793 269
5810 272
5826 265
5842 259
5859 259
5875 261
5891 261
5908 271
5924 274
5940 276
5957 276
5973 286
5989 292
6006 294
6022 301
6038 297
6055 310
6071 314
6087 323
6104 330
6120 341
6136 346
6153 357
6169 368
6185 371
6201 384
6218 394
6234 406
6250 415
6267 430
6283 439
6299 451
6316 462
6332 476
6348 489
6365 506
6381 516
6397 536
6414 551
6430 560
6446 578
6463 599
6479 613
6495 632
6512 646
6528 663
6544 683
6561 701
6577 716
6593 740
6610 761
6626 781
6642 797
6658 820
6676 844
6692 864
6709 886
6725 911
6742 931
6758 948
6774 974
6791 998
6807 1021
6823 1046
6839 1067
6856 1091
6872 1118
6888 1136
6905 1164
6921 1190
6937 1213
6954 1235
6970 1265
6986 1288
7003 1312
7019 1335
7035 1366
7052 1382
7068 1416
7084 1438
7101 1472
7117 1492
7133 1520
7150 1540
7166 1579
7182 1592
7199 1624
7215 1658
7231 1679
7248 1702
7264 1728
7280 1760
7296 1785
7313 1816
7329 1844
7345 1869
7362 1895
7378 1915
7394 1949
7411 1975
7427 2005
7443 2031
7460 2062
7476 2088
7492 2115
7509 2134
7525 2167
7541 2185
7558 2220
7574 2240
7590 2269
7607 2290
7623 2318
7639 2340
7656 2368
7674 2398
7691 2414
7707 2446
7724 2468
7740 2492
7757 2522
7773 2550
7789 2566
7806 2591
7822 2610
7838 2634
7855 2661
7871 2678
7887 2705
7904 2718
7920 2747
7936 2783
7952 2795
7969 2808
7985 2829
8001 2855
8018 2870
8034 2889
8050 2907
8067 2925
8083 2951
8099 2965
8116 2988
8132 3010
8148 3020
8165 3036
8181 3052
8197 3067
8214 3081
8230 3086
8246 3129
8263 3123
8279 3145
8295 3150
8312 3164
8328 3176
8344 3182
8361 3198
8377 3216
8393 3227
8409 3229
8426 3237
8442 3244
8458 3259
8475 3271
8491 3278
8507 3292
8524 3299
8540 3306
8556 3306
8573 3313
8589 3316
8605 3326
8622 3331
8638 3336
8654 3336
8671 3356
8688 3350
8705 3352
8721 3355
8738 3347
8754 3357
8770 3362
8787 3367
8803 3388
8819 3359
8836 3364
8852 3356
8868 3353
8884 3356
8901 3337
8917 3339
8933 3338
8950 3330
8966 3327
8982 3322
8999 3314
9015 3310
9031 3300
9048 3292
9064 3293
9080 3283
9097 3266
9113 3251
9129 3250
9146 3236
9162 3229
9178 3225
9195 3214
9211 3201
9227 3189
9244 3176
9260 3160
9276 3150
9293 3133
9309 3123
9325 3109
9341 3091
9358 3077
9374 3065
9390 3042
9407 3037
9423 3013
9439 2995
9456 2977
9472 2959
9488 2939
9505 2927
9521 2900
9537 2886
9554 2868
9570 2853
9586 2826
9603 2809
9619 2790
9635 2763
9652 2742
9668 2719
9685 2697
9702 2675
9718 2654
9734 2631
9751 2604
9767 2589
9783 2559
9800 2537
9816 2500
9832 2486
9849 2456
9865 2442
9881 2412
9898 2390
9914 2370
9930 2342
9947 2318
9963 2294
9979 2263
9996 2242
10012 2215
10028 2190
10045 2159
10061 2128
10077 2120
10093 2087
10110 2043
10126 2030
10142 2002
10159 1980
10175 1948
10191 1917
10208 1896
10224 1868
10240 1832
10257 1823
10273 1801
10289 1766
10306 1750
10322 1707
10338 1682
10355 1656
10371 1624
10387 1604
10404 1573
10420 1537
10436 1527
10453 1499
10469 1471
10485 1444
10502 1417
10518 1394
10534 1368
10550 1339
10567 1316
10583 1293
10599 1263
10616 1242
10632 1216
10648 1200
10665 1168
10682 1140
10699 1101
10715 1091
10731 1071
10748 1048
10764 1025
10780 997
10797 982
10813 954
10829 933
10846 912
10862 890
10878 871
10895 841
10911 820
10927 808
10944 784
10960 790
10976 751
10993 732
11009 700
11025 694
11042 671
11058 655
11074 644
11091 620
11107 598
11123 589
11140 568
11156 556
11172 539
11188 525
11205 508
11221 504
11237 477
11254 466
11270 451
11286 441
11303 434
11319 425
11335 407
11352 412
11368 393
11384 379
11401 371
11417 361
11433 351
11450 347
11466 336
11482 330
11499 321
11515 287
11531 306
11548 307
11564 297
11580 289
11597 287
11613 280
11629 273
11645 291
11662 271
11679 271
11696 263
11712 258
11729 264
11745 266
11761 269
11778 270
11794 275
11810 280
11826 285
11843 285
11859 293
11875 291
11892 304
11908 305
11924 315
11941 317
11957 329
11973 328
11990 344
12006 352
12022 361
12039 415
12055 391
12071 391
12088 402
12104 407
12120 423
12137 434
12153 444
12169 455
12186 477
12202 482
12218 496
12235 515
12251 527
12267 543
12283 559
12300 570
12316 591
12332 595
12349 623
12365 639
12381 648
12398 671
12414 695
12430 716
12447 728
12463 749
12479 773
12496 780
12512 812
12528 830
12545 855
12561 875
12577 894
12594 939
12610 942
12626 962
12643 981
12659 1009
12676 1027
12693 1056
12709 1076
12726 1104
12742 1119
12758 1163
12775 1182
12791 1202
12807 1230
12824 1260
12840 1274
12856 1304
12873 1324
12889 1349
12905 1376
12921 1402
12938 1425
12954 1455
12970 1477
12987 1503
13003 1529
13019 1556
13036 1573
13052 1608
13068 1634
13085 1663
13101 1689
13117 1718
13134 1729
13150 1776
13166 1799
13183 1829
13199 1854
13215 1880
13232 1897
13248 1937
13264 1959
13281 1990
13297 2013
13313 2045
13330 2066
13346 2099
13362 2120
13378 2150
13395 2172
13411 2194
13427 2222
13444 2243
13460 2274
13476 2299
13493 2337
13509 2351
13525 2375
13542 2403
13558 2427
13574 2468
13591 2475
13607 2505
13623 2521
13640 2549
13656 2573
13674 2600
13691 2617
13707 2642
13723 2659
13740 2680
13756 2709
13772 2731
13789 2754
13805 2775
13821 2799
13838 2841
13854 2844
13870 2859
13887 2869
13903 2897
13919 2915
13936 2933
13952 2955
13968 2966
13985 2990
14001 3008
14017 3020
14034 3038
14050 3065
14066 3069
14083 3084
14099 3083
14115 3114
14132 3128
14148 3116
14164 3152
14180 3178
14197 3180
14213 3194
14229 3209
14246 3214
14262 3228
14278 3250
14295 3244
14311 3259
14327 3261
14344 3278
14360 3284
14376 3291
14393 3298
14409 3304
14425 3310
14442 3317
14458 3314
14474 3319
14491 3318
14507 3340
14523 3337
14540 3345
14556 3352
14572 3352
14589 3358
14605 3360
14621 3357
14637 3369
14654 3364
14670 3378
14688 3359
14704 3359
14720 3353
14737 3348
14753 3348
14769 3350
14786 3339
14802 3333
14818 3322
14834 3316
14851 3318
14867 3313
14883 3314
14900 3308
14916 3292
14932 3288
14949 3273
14965 3267
14981 3255
14998 3254
15014 3253
15030 3232
15047 3219
15063 3213
15079 3200
15096 3186
15112 3172
15128 3161
15145 3150
15161 3137
15177 3121
15194 3103
15210 3092
15226 3077
15243 3056
15259 3055
15275 3032
15291 3008
15308 2997
15324 2976
15340 2955
15357 2943
15373 2921
15389 2905
15406 2880
15422 2865
15438 2850
15455 2827
15471 2802
15487 2783
15504 2760
15520 2738
15536 2707
15553 2691
15569 2671
15585 2651
15602 2627
15618 2601
15634 2588
15651 2560
15667 2540
15684 2506
15701 2489
15717 2460
15734 2435
15750 2412
15766 2388
15783 2361
15799 2341
15815 2310
15831 2289
15848 2261
15864 2236
15880 2203
15897 2181
15913 2159
15929 2134
15946 2103
15962 2083
15978 2059
15995 2029
16011 2003
16027 1981
16044 1945
16060 1922
16076 1891
16093 1867
16109 1840
16125 1813
16142 1787
16158 1760
16174 1732
16191 1703
16207 1678
16223 1651
16240 1622
16256 1591
16272 1566
16288 1546
16305 1517
16321 1493
16337 1474
16354 1440
16370 1416
16386 1382
16403 1360
16419 1342
16435 1310
16452 1287
16468 1261
16484 1240
16501 1210
16517 1195
16533 1165
16550 1139
16566 1117
16582 1093
16599 1066
16615 1038
16631 1017
16648 1003
16664 976
16681 957
16698 928
16714 905
16731 888
16747 863
16763 848
16780 823
16796 802
16812 783
16829 761
16845 732
16861 727
16878 706
16894 686
16910 669
16926 649
16943 634
16959 613
16975 595
16992 587
17008 570
17024 551
17041 542
17057 526
17073 506
17090 495
17106 478
17122 471
17139 453
17155 441
17171 430
17188 423
17204 407
17220 399
17237 389
17253 375
17269 369
17286 357
17302 350
17318 336
17335 328
17351 325
17367 318
17383 309
17400 306
17416 307
17432 296
17449 295
17465 286
17481 282
17498 280
17514 268
17530 271
17547 268
17563 263
17579 262
17596 262
17612 262
17628 268
17645 266
17661 273
17678 274
17695 280
17711 289
17728 288
17744 307
17760 309
17777 308
17793 319
17809 320
17826 333
17842 337
17858 339
17875 354
17891 364
17907 368
17924 385
17940 393
17956 405
17973 412
17989 429
18005 434
18021 443
18038 455
18054 470
18070 491
18087 498
18103 518
18119 536
18136 545
18152 567
18168 577
18185 592
18201 611
18217 625
18234 640
18250 666
18266 679
18283 698
18299 716
18315 734
18332 754
18348 776
18364 792
18381 816
18397 833
18413 857
18430 875
18446 903
18462 925
18478 957
18495 973
18511 995
18527 1013
18544 1040
18560 1063
18576 1089
18593 1109
18609 1137
18625 1152
18642 1186
18658 1206
18675 1234
18692 1257
18708 1284
18725 1305
18741 1324
18757 1354
18774 1383
18790 1410
18806 1436
18823 1467
18839 1489
18855 1512
18872 1545
18888 1566
18904 1594
18921 1620
18937 1649
18953 1676
18970 1697
18986 1732
19002 1760
19019 1777
19035 1813
19051 1835
19068 1865
19084 1895
19100 1914
19116 1947
19133 1977
19149 1995
19165 2030
19182 2068
19198 2083
19214 2111
19231 2130
19247 2164
19263 2187
19280 2209
19296 2237
19312 2263
19329 2284
19345 2315
19361 2356
19378 2360
19394 2389
19410 2410
19427 2436
19443 2470
19459 2472
19476 2509
19492 2532
19508 2556
19525 2583
19541 2604
19557 2628
19573 2655
19590 2672
19606 2692
19622 2720
19639 2739
19655 2762
19671 2783
19689 2806
19705 2825
19722 2849
19738 2883
19755 2885
19771 2907
19787 2925
19804 2937
19820 2963
19836 2979
19853 2993
19869 3015
19885 3029
19902 3049
19918 3058
19934 3075
19951 3092
19967 3108
19983 3120
19999 3140
20016 3147
20032 3164
20048 3206
20065 3197
20081 3202
20097 3210
20114 3220
20130 3231
20146 3240
20163 3245
20179 3262
20195 3272
20212 3278
20228 3288
20244 3295
20261 3307
20277 3303
20293 3314
20310 3323
20326 3327
20342 3331
20359 3337
20375 3339
20391 3347
20408 3345
20424 3349
20440 3354
20456 3356
20473 3357
20489 3362
20505 3362
20522 3364
20538 3362
20554 3355
20571 3352
20587 3350
20603 3345
20620 3355
20636 3341
20652 3339
20669 3331
20686 3327
20702 3322
20719 3314
20735 3311
20751 3301
20768 3296
20784 3289
20800 3283
20817 3272
20833 3268
20849 3251
20865 3248
20882 3227
20898 3223
20914 3216
20931 3202
20947 3193
20963 3187
20980 3161
20996 3156
21012 3133
21029 3121
21045 3113
21061 3096
21078 3079
21094 3070
21110 3043
21127 3038
21143 3016
21159 3003
21176 2983
21192 2966
21208 2946
21225 2932
21241 2909
21257 2889
21274 2887
21290 2852
21306 2833
21322 2815
21339 2797
21355 2776
21371 2755
21388 2728
21404 2706
21420 2683
21437 2658
21453 2635
21469 2613
21486 2596
21502 2573
21518 2544
21535 2534
21551 2499
21567 2477
21584 2455
21600 2423
21616 2393
21633 2376
21649 2346
21665 2323
21683 2296
21699 2273
21716 2246
21732 2224
21748 2196
21765 2170
21781 2142
21797 2125
21814 2091
21830 2067
21846 2039
21863 2014
21879 1985
21895 1960
21912 1915
21928 1906
21944 1874
21960 1860
21977 1819
21993 1791
22009 1744
22026 1748
22042 1720
22058 1691
22075 1659
22091 1638
22107 1604
22124 1583
22140 1552
22156 1524
22173 1505
22189 1476
22205 1447
22222 1429
22238 1401
22254 1373
22271 1353
22287 1321
22303 1297
22320 1267
22336 1245
22352 1225
22369 1196
22385 1170
22401 1147
22417 1129
22434 1098
22450 1079
22466 1054
22483 1036
22499 1006
22515 987
22532 972
22548 939
22564 919
22581 899
22597 872
22613 911
22630 832
22646 812
22662 791
22680 768
22696 752
22713 730
22729 714
22745 690
22762 678
22778 657
22794 656
22811 623
22827 606
22843 589
22860 574
22876 556
22892 542
22909 529
22925 513
22941 497
22958 489
22974 470
22990 463
23007 450
23023 435
23039 432
23055 430
23072 400
23088 396
23104 379
23121 373
23137 366
23153 353
23170 345
23186 337
23202 326
23219 326
23235 312
23251 315
23268 303
23284 294
23300 293
23317 288
23333 283
23349 281
23366 282
23382 276
23398 275
23415 268
23431 264
23447 265
23464 263
23480 267
23496 274
23512 271
23529 279
23545 280
23561 285
23578 291
23594 287
23610 301
23627 306
23643 317
23659 319
23677 325
23693 335
23710 338
23726 335
23742 354
23759 365
23775 376
23791 387
23808 399
23824 414
23840 420
23857 415
23873 441
23889 459
23906 479
23922 482
23938 497
23955 512
23971 522
23987 552
24004 551
24020 571
24036 589
24053 602
24069 621
24085 638
24102 654
24118 683
24134 687
24150 710
24167 729
24183 757
24199 770
24216 791
24232 807
24248 831
24265 849
24281 872
24297 895
24314 914
24330 940
24346 961
24363 983
24379 1007
24395 1027
24412 1051
24428 1076
24444 1098
24461 1108
24477 1143
24493 1168
24510 1163
24526 1220
24542 1248
24559 1268
24575 1307
24591 1321
24607 1346
24624 1369
24640 1399
24656 1423
24674 1448
24690 1476
24707 1508
24723 1531
24739 1555
24756 1583
24772 1608
24788 1638
24805 1654
24821 1689
24837 1718
24854 1744
24870 1775
24886 1816
24903 1823
24919 1859
24935 1874
24952 1909
24968 1933
24984 1959
25001 1990
25017 2020
25033 2038
25050 2073
25066 2101
25082 2135
25099 2148
25115 2173
25131 2200
25147 2227
25164 2250
25180 2275
25196 2298
25213 2329
25229 2353
25245 2380
25262 2408
25278 2434
25294 2452
25311 2482
25327 2501
25343 2525
25360 2549
25376 2572
25392 2591
25409 2625
25425 2638
25441 2666
25458 2686
25474 2707
25490 2732
25507 2753
25523 2774
25539 2769
25556 2812
25572 2835
25588 2856
25604 2878
25621 2899
25637 2919
25653 2935
25670 2952
25687 2972
25704 2989
25720 3005
25736 3025
25753 3042
25769 3055
25785 3075
25802 3083
25818 3106
25834 3119
25850 3088
25867 3142
25883 3150
25899 3168
25916 3182
25932 3190
25948 3207
25965 3229
25981 3232
25997 3240
26014 3250
26030 3257
26046 3268
26063 3272
26079 3287
26095 3293
26112 3298
26128 3307
26144 3318
26161 3317
26177 3325
26193 3327
26210 3336
26226 3335
26242 3352
26259 3341
26275 3346
26291 3352
26307 3359
26324 3357
26340 3369
26356 3364
26373 3366
26389 3361
26405 3360
26422 3355
26438 3354
26454 3346
26471 3349
26487 3341
26503 3334
26520 3334
26536 3329
26552 3320
26569 3317
26585 3312
26601 3310
26618 3287
26634 3290
26650 3285
26667 3274
26684 3274
26700 3256
26717 3254
26733 3236
26750 3218
26766 3214
26782 3207
26799 3195
26815 3184
26831 3170
26848 3160
26864 3144
26880 3138
26897 3119
26913 3100
26929 3088
26945 3073
26962 3053
26978 3041
26994 3021
27011 3006
27027 2992
27043 2978
27060 2956
27076 2938
27092 2937
27109 2899
27125 2879
27141 2843
27158 2837
27174 2821
27190 2798
27207 2778
27223 2756
27239 2736
27256 2713
27272 2693
27288 2668
27305 2646
27321 2614
27337 2594
27354 2572
27370 2554
27386 2545
27402 2507
27419 2485
27435 2456
27451 2436
27468 2406
27484 2384
27500 2361
27517 2332
27533 2308
27549 2286
27566 2255
27582 2237
27598 2205
27615 2180
27631 2154
27647 2128
27664 2108
27681 2070
27697 2048
27714 2020
27730 1995
27747 1987
27763 1939
27779 1916
27796 1886
27812 1859
27828 1834
27845 1805
27861 1781
27877 1750
27894 1717
27910 1691
27926 1668
27943 1645
27959 1615
27975 1592
27992 1561
28008 1537
28024 1502
28040 1482
28057 1454
28073 1432
28089 1407
28106 1383
28122 1360
28138 1330
28155 1309
28171 1279
28187 1255
28204 1237
28220 1202
28236 1184
28253 1156
28269 1130
28285 1105
28302 1088
28318 1057
28334 1043
28351 1010
28367 992
28383 973
28400 942
28416 926
28432 900
28449 876
28465 861
28481 848
28497 820
28514 794
28530 774
28546 759
28563 737
28579 717
28595 703
28612 680
28628 666
28644 605
28661 629
28678 611
28694 590
28711 580
28727 553
28744 545
28760 529
28776 512
28793 504
28809 490
28825 477
28842 465
28858 454
28874 441
28891 424
28907 417
28923 407
28940 393
28956 385
28972 374
28989 361
29005 361
29021 340
29038 340
29054 332
29070 324
29087 316
29103 305
29119 303
29135 299
29152 293
29168 291
29184 292
29201 283
29217 269
29233 276
29250 267
29266 269
29282 259
29299 263
29315 261
29331 265
29348 271
29364 274
29380 275
29397 283
29413 282
29429 290
29446 295
29462 288
29478 299
29495 308
29511 318
29527 324
29544 331
29560 347
29576 345
29592 356
29609 365
29625 375
29641 385
29658 390
29675 407
29692 417
29708 431
29725 444
29741 451
29757 467
29773 480
29790 491
29806 501
29822 517
29839 538
29855 544
29871 565
29888 590
29904 601
29920 616
29937 636
29953 646
29969 668
29986 683
30002 705
30018 723
30035 739
30051 760
30067 783
30084 799
30100 825
30116 843
30133 872
30149 889
30165 908
30182 927
30198 953
30214 973
30230 998
30247 1018
30263 1055
30279 1067
30296 1094
30312 1116
30328 1140
30345 1163
30361 1188
30377 1210
30394 1237
30410 1259
30426 1287
30443 1316
30459 1339
30475 1364
30492 1393
30508 1413
30524 1441
30541 1457
30557 1494
30573 1514
30590 1544
30606 1572
30622 1601
30639 1629
30655 1656
30671 1683
30689 1709
30705 1726
30722 1763
30738 1788
30755 1820
30771 1849
30787 1873
30803 1904
30820 1920
30836 1951
30852 1981
30869 2000
30885 2031
30901 2062
30918 2086
30934 2117
30950 2136
30967 2172
30983 2185
30999 2219
31016 2245
31032 2270
31048 2297
31065 2319
31081 2344
31097 2374
31114 2393
31130 2421
31146 2446
31163 2468
31179 2494
31195 2522
31212 2538
31228 2564
31244 2583
31260 2613
31277 2633
31293 2655
31309 2680
31326 2711
31342 2725
31358 2750
31375 2766
31391 2790
31407 2812
31424 2825
31440 2854
31456 2869
31473 2883
31489 2907
31505 2928
31522 2949
31538 2965
31554 2981
31571 3000
31587 3016
31603 3029
31620 3047
31636 3063
31652 3082
31669 3095
31685 3114
31702 3130
31718 3137
31734 3153
31751 3161
31767 3179
31783 3189
31800 3200
31816 3212
31832 3223
31849 3230
31865 3246
31881 3256
31898 3266
31914 3272
31930 3281
31947 3290
31963 3290
31979 3300
31996 3311
32012 3312
32028 3326
32045 3339
32061 3337
32077 3336
32093 3341
32110 3344
32126 3349
32142 3353
32159 3359
32175 3356
32191 3364
32208 3362
32224 3365
32240 3364
32257 3361
32273 3356
32289 3355
32306 3349
32322 3349
32338 3337
32355 3338
32371 3335
32387 3332
32404 3326
32420 3326
32436 3313
32453 3314
32469 3302
32485 3298
32502 3290
32518 3281
32534 3274
32550 3261
32567 3241
32583 3244
32599 3232
32616 3223
32632 3210
32648 3200
32665 3188
32682 3170
32699 3158
32715 3148
32731 3140
32748 3130
32764 3117
32780 3092
32797 3080
32813 3051
32829 3047
32846 3033
32862 3017
32878 2997
32895 2982
32911 2963
32927 2960
32944 2931
32960 2907
32976 2900
32993 2871
33009 2848
33025 2829
33042 2799
33058 2784
33074 2764
33091 2743
33107 2726
33123 2707
33140 2676
33156 2660
33172 2631
33188 2613
33205 2585
33221 2566
33237 2543
33254 2517
33270 2493
33286 2472
33303 2444
33319 2420
33335 2394
33352 2370
33368 2341
33384 2324
33401 2286
33417 2266
33433 2241
33450 2220
33466 2188
33482 2169
33499 2143
33515 2115
33531 2090
33548 2065
33564 2034
33580 2000
33597 1979
33613 1959
33629 1927
33645 1902
33662 1877
33679 1845
33696 1818
33712 1789
33729 1764
33745 1728
33761 1698
33778 1681
33794 1653
33810 1638
33826 1609
33843 1574
33859 1537
33875 1518
33892 1497
33908 1475
33924 1439
33941 1419
33957 1395
33973 1371
33990 1343
34006 1317
34022 1296
34039 1266
34055 1243
34071 1220
34088 1194
34104 1160
34120 1140
34137 1117
34153 1095
34169 1071
34186 1051
34202 1028
34218 994
34235 981
34251 961
34267 935
34283 915
34300 891
34316 873
34332 848
34349 829
34365 806
34381 800
34398 767
34414 747
34430 723
34447 710
34463 701
34479 673
34496 644
34512 635
34528 618
34545 602
34561 598
34577 575
34594 558
34610 535
34626 527
34643 510
34659 501
34676 484
34693 476
34709 454
34726 446
34742 432
34758 422
34775 411
34791 400
34807 380
34824 378
34840 369
34856 358
34873 346
34889 343
34905 337
34921 324
34938 320
34954 320
34970 308
34987 294
35003 294
35019 297
35036 284
35052 283
35068 277
35085 273
35101 269
35117 288
35134 265
35150 262
35166 257
35183 263
35199 262
35215 270
35232 275
35248 288
35264 291
35281 289
35297 288
35313 304
35330 301
35346 309
35362 315
35378 318
35395 331
35411 339
35427 344
35444 354
35460 357
35476 373
35493 379
35509 393
35525 402
35542 400
35558 417
35574 433
35591 446
35607 461
35623 470
35640 492
35656 500
35674 514
35691 527
35707 546
35723 561
35740 577
35756 593
35772 604
35789 628
35805 640
35821 653
35838 679
35854 692
35870 706
35887 733
35903 747
35919 774
35936 793
35952 826
35968 833
35985 854
36001 879
36017 903
36034 928
36050 944
36066 965
36083 991
36099 1011
36115 1034
36132 1060
36148 1098
36164 1106
36180 1127
36197 1110
36213 1181
36229 1193
36246 1229
36262 1249
36278 1277
36295 1302
36311 1329
36327 1362
36344 1392
36360 1398
36376 1437
36393 1460
36409 1481
36425 1508
36442 1531
36458 1560
36474 1588
36491 1612
36507 1644
36523 1668
36540 1698
36556 1723
36572 1750
36589 1780
36605 1796
36621 1830
36637 1858
36654 1885
36670 1919
36688 1936
36704 1969
36720 1999
36737 2023
36753 2052
36769 2080
36786 2106
36802 2130
36818 2155
36834 2182
36851 2206
36867 2236
36883 2254
36900 2285
36916 2309
36932 2330
36949 2359
36965 2383
36981 2407
36998 2435
37014 2496
37030 2497
37047 2508
37063 2536
37079 2558
37096 2579
37112 2604
37128 2625
37145 2625
37161 2670
37177 2692
37194 2714
37210 2739
37226 2757
37243 2779
37259 2803
37275 2820
37291 2846
37308 2854
37324 2880
37340 2902
37357 2920
37373 2933
37389 2956
37406 2982
37422 2997
37438 3010
37455 3032
37471 3040
37487 3061
37504 3077
37520 3089
37536 3115
37553 3118
37569 3136
37585 3150
37602 3157
37618 3175
37634 3185
37651 3197
37667 3209
37684 3219
37701 3230
37717 3240
37734 3266
37750 3236
37766 3270
37783 3277
37799 3285
37815 3293
37831 3300
37848 3307
37864 3318
37880 3318
37897 3327
37913 3327
37929 3334
37946 3337
37962 3342
37978 3350
37995 3349
38011 3351
38027 3356
38044 3355
38060 3362
38076 3364
38093 3363
38109 3370
38125 3355
38142 3356
38158 3354
38174 3346
38191 3347
38207 3339
38223 3343
38240 3341
38256 3323
38272 3344
38288 3317
38305 3310
38321 3306
38337 3299
38354 3277
38370 3277
38386 3265
38403 3264
38419 3253
38435 3244
38452 3236
38468 3223
38484 3223
38501 3202
38517 3193
38533 3178
38550 3167
38566 3097
38582 3142
38599 3128
38615 3114
38631 3096
38648 3088
38664 3065
38681 3052
38698 3032
38714 3017
38731 2996
38747 2985
38763 2965
38780 2947
38796 2930
38812 2918
38829 2891
38845 2875
38861 2854
38878 2835
38894 2813
38910 2789
38926 2774
38943 2779
38959 2727
38975 2705
38992 2685
39008 2660
39024 2636
39041 2608
39057 2592
39073 2565
39090 2545
39106 2518
39122 2501
39139 2475
39155 2447
39171 2425
39188 2399
39204 2374
39220 2351
39237 2322
39253 2304
39269 2274
39286 2249
39302 2221
39318 2196
39335 2172
39351 2148
39367 2118
39383 2096
39400 2068
39416 2043
39432 2011
39449 1988
39465 1963
39481 1935
39498 1911
39514 1897
39530 1846
39547 1825
39563 1797
39579 1772
39596 1744
39612 1716
39628 1692
39645 1678
39661 1635
39678 1602
39695 1589
39711 1553
39728 1532
39744 1504
39760 1475
39777 1450
39793 1425
39809 1398
39826 1375
39842 1347
39858 1323
39875 1300
39891 1274
39907 1252
39924 1220
39940 1197
39956 1175
39973 1150
39989 1128
40005 1099
40021 1082
40038 1058
40054 1030
40070 1009
40087 987
40103 964
40119 946
40136 917
40152 900
40168 875
40185 853
40201 831
40217 811
40234 791
40250 782
40266 751
40283 735
40299 711
40315 696
40332 677
40348 659
40364 643
40381 626
40397 607
40413 590
40430 573
40446 564
40462 541
40478 529
40495 516
40511 500
40527 480
40544 470
40560 452
40576 451
40593 452
40609 425
40625 420
40642 408
40658 395
40675 383
40692 371
40708 361
40725 356
40741 343
40757 337
40774 329
40790 321
40806 317
40823 306
40839 305
40855 299
40872 290
40888 286
40904 279
40921 280
40937 273
40953 296
40970 273
40986 249
41002 262
41019 264
41035 258
41051 268
41068 268
41084 273
41100 278
41116 281
41133 287
41149 290
41165 291
41182 303
41198 304
41214 314
41231 308
41247 320
41263 332
41280 337
41296 349
41312 361
41329 365
41345 383
41361 383
41378 400
41394 405
41410 418
41427 430
41443 443
41459 455
41476 469
41492 477
41508 498
41525 501
41541 531
41557 539
41573 550
41590 569
41606 579
41622 595
41639 621
41655 629
41671 657
41689 674
41705 690
41722 706
41738 728
41755 742
41771 761
41787 790
41804 804
41820 825
41836 849
41853 868
41869 895
41885 911
41902 936
41918 955
41934 973
41951 1001
41967 1025
41983 1056
41999 1071
42016 1100
42032 1126
42048 1139
42065 1165
42081 1195
42097 1220
42114 1242
42130 1271
42146 1292
42163 1315
42179 1343
42195 1381
42212 1390
42228 1421
42244 1445
42261 1470
42277 1498
42293 1513
42310 1545
42326 1575
42342 1598
42359 1631
42375 1652
42391 1692
42408 1715
42424 1739
42440 1763
42456 1792
42473 1816
42489 1867
42505 1870
42522 1904
42538 1925
42554 1954
42571 1982
42587 2007
42603 2035
42620 2062
42636 2084
42652 2117
42669 2125
42686 2163
42702 2192
42719 2216
42735 2252
42751 2269
42768 2296
42784 2320
42800 2346
42817 2370
42833 2395
42849 2422
42865 2444
42882 2482
42898 2498
42914 2516
42931 2543
42947 2562
42963 2592
42980 2613
42996 2633
43012 2655
43029 2675
43045 2700
43061 2735
43078 2743
43094 2770
43110 2793
43127 2811
43143 2849
43159 2849
43176 2873
43192 2890
43208 2912
43225 2928
43241 2945
43257 2965
43274 2975
43290 3008
43306 3019
43322 3033
43339 3050
43355 3073
43371 3080
43388 3093
43404 3114
43420 3126
43437 3150
43453 3152
43469 3164
43486 3185
43502 3191
43518 3208
43535 3212
43551 3225
43567 3231
43584 3246
43600 3254
43616 3266
43633 3278
43649 3279
43665 3291
43683 3295
43699 3306
43716 3306
43732 3313
43748 3321
43765 3325
43781 3333
43797 3341
43814 3348
43830 3349
43846 3350
43863 3357
43879 3359
43895 3357
43912 3363
43928 3362
43944 3369
43960 3357
43977 3360
43993 3361
44009 3354
44026 3352
44042 3345
44058 3345
44075 3342
44091 3324
44107 3329
44124 3325
44140 3317
44156 3318
44173 3306
44189 3307
44205 3294
44222 3291
44238 3280
44254 3273
44271 3264
44287 3256
44303 3241
44320 3237
44336 3216
44352 3215
44369 3200
44385 3183
44401 3177
44417 3164
44434 3192
44450 3139
44466 3111
44483 3111
44499 3092
44515 3080
44532 3066
44548 3063
44564 3035
44581 3017
44597 3000
44613 2986
44630 2963
44646 2949
44662 2922
44680 2910
44696 2891
44713 2870
44729 2851
44745 2803
44762 2808
44778 2785
44794 2754
44811 2725
44827 2716
44843 2701
44860 2676
44876 2655
44892 2642
44909 2608
44925 2597
44941 2562
44958 2542
44974 2520
44990 2494
45007 2466
45023 2444
45039 2418
45055 2393
45072 2368
45088 2348
45104 2318
45121 2295
45137 2272
45153 2242
45170 2211
45186 2188
45202 2167
45219 2145
45235 2114
45251 2102
45268 2059
45284 2040
45300 2009
45317 1985
45333 1956
45349 1928
45366 1898
45382 1873
45398 1844
45415 1822
45431 1794
45447 1767
45464 1738
45480 1712
45496 1684
45512 1658
45529 1618
45545 1602
45561 1566
45578 1557
45594 1524
45610 1498
45627 1479
45643 1446
45659 1427
45677 1389
45693 1368
45710 1339
45726 1318
45742 1288
45759 1269
45775 1241
45791 1217
45808 1196
45824 1174
45840 1142
45857 1138
45873 1094
45889 1071
45906 1050
45922 1025
45938 1005
45955 991
45971 963
45987 939
46004 919
46020 899
46036 870
46053 848
46069 827
46085 806
46102 791
46118 785
46134 750
46150 731
46167 701
46183 694
46199 672
46216 656
46232 627
46248 623
46265 602
46281 588
46297 570
46314 556
46330 544
46346 529
46363 511
46379 501
46395 487
46412 443
46428 460
46444 448
46461 430
46477 425
46493 412
46510 402
46526 390
46542 381
46559 372
46575 359
46591 355
46607 338
46624 331
46640 315
46656 319
46674 319
46690 309
46707 302
46723 303
46739 288
46756 289
46772 279
46788 281
46805 274
46821 273
46837 269
46854 263
46870 261
46886 260
46903 261
46919 269
46935 265
46952 273
46968 278
46984 279
47001 288
47017 290
47033 299
47050 303
47066 302
47082 315
47099 318
47115 346
47131 333
47147 344
47164 354
47180 357
47196 369
47213 379
47229 387
47245 401
47262 411
47278 423
47294 435
47311 433
47327 458
47343 471
47360 477
47376 500
47392 512
47409 536
47425 541
47441 559
47458 571
47474 587
47490 607
47507 619
47523 637
47539 658
47556 671
47572 697
47588 713
47604 731
47621 748
47637 766
47653 790
47670 828
47687 834
47704 853
47720 884
47736 907
47753 923
47769 943
47785 963
47802 1001
47818 1008
47834 1031
47850 1057
47867 1077
47883 1094
47899 1127
47916 1153
47932 1177
47948 1198
47965 1225
47981 1252
47997 1273
48014 1299
48030 1311
48046 1350
48063 1378
48079 1403
48095 1425
48112 1458
48128 1480
48144 1504
48161 1526
48177 1559
48193 1582
48210 1614
48226 1636
48242 1662
48259 1690
48275 1715
48291 1745
48307 1776
48324 1798
48340 1831
48356 1853
48373 1883
48389 1898
48405 1931
48422 1959
48438 1988
48454 2016
48471 2042
48487 2074
48503 2098
48520 2124
48536 2149
48552 2175
48569 2200
48585 2225
48601 2257
48618 2267
48634 2298
48650 2324
48667 2354
48684 2379
48700 2403
48717 2424
48733 2448
48750 2524
48766 2502
48782 2532
48799 2548
48815 2585
48831 2594
48848 2614
48864 2646
48880 2665
48897 2691
48913 2707
48929 2729
48945 2757
48962 2775
48978 2798
48994 2818
49011 2838
49027 2859
49043 2882
49060 2899
49076 2916
49092 2924
49109 2954
49125 2972
49141 2988
49158 3006
49174 3022
49190 3046
49207 3057
49223 3073
49239 3093
49256 3103
49272 3109
49288 3130
49305 3147
49321 3157
49337 3166
49354 3186
49370 3195
49386 3207
49402 3219
49419 3223
49435 3239
49451 3246
49468 3256
49484 3266
49500 3275
49517 3285
49533 3293
49549 3309
49566 3335
49582 3312
49598 3321
49615 3318
49631 3333
49647 3331
49664 3337
49681 3343
49697 3345
49714 3351
49730 3353
49747 3350
49763 3357
49779 3365
49796 3354
49812 3361
49828 3364
49845 3360
49861 3352
49877 3354
49894 3351
49910 3347
49926 3338
49943 3336
49959 3334
49975 3340
49992 3324
50008 3320
50024 3310
50040 3307
50057 3296
50073 3293
50089 3287
50106 3275
50122 3268
50138 3256
50155 3247
50171 3239
50187 3220
50204 3228
50220 3201
50236 3196
50253 3193
50269 3172
50285 3158
50302 3142
50318 3130
50334 3116
50351 3101
50367 3089
50383 3068
50400 3060
50416 3040
50432 3024
50449 3009
50465 2990
50481 2974
50497 2958
50514 2935
50530 2907
50546 2894
50563 2880
50579 2857
50595 2839
50612 2815
50628 2805
50644 2781
50661 2760
50678 2736
50694 2708
50711 2692
50727 2667
50744 2643
50760 2622
50776 2597
50793 2575
50809 2548
50825 2525
50842 2510
50858 2475
50874 2451
50891 2428
50907 2411
50923 2380
50940 2356
50956 2342
50972 2301
50989 2281
51005 2257
51021 2228
51038 2205
51054 2179
51070 2155
51087 2148
51103 2099
51119 2074
51135 2046
51152 2018
51168 1998
51184 1968
51201 1946
51217 1913
51233 1877
51250 1857
51266 1833
51282 1804
51299 1777
51315 1751
51331 1729
51348 1697
51364 1672
51380 1643
51397 1613
51413 1590
51429 1562
51446 1535
51462 1512
51478 1483
51495 1463
51511 1420
51527 1407
51544 1385
51560 1360
51576 1335
51592 1285
51609 1274
51625 1258
51641 1225
51658 1212
51675 1185
51692 1159
51708 1134
51725 1106
51741 1084
51757 1058
51773 1040
51790 1015
51806 995
51822 968
51839 948
51855 927
51871 901
51888 883
51904 861
51920 840
51937 814
51953 792
51969 770
51986 757
52002 734
52018 720
52035 707
52051 684
52067 663
52084 644
52100 634
52116 598
52133 598
52149 574
52165 565
52182 548
52198 533
52214 520
52230 507
52247 496
52263 481
52279 467
52296 454
52312 432
52328 425
52345 417
52361 404
52377 396
52394 388
52410 377
52426 370
52443 353
52459 356
52475 340
52492 332
52508 326
52524 319
52541 289
52557 309
52573 300
52590 296
52606 287
52622 286
52639 283
52655 273
52671 271
52689 268
52705 267
52722 261
52738 268
52755 259
52771 269
52787 268
52803 270
52820 276
52836 280
52852 285
52869 288
52885 298
52901 303
52918 301
52934 311
52950 316
52967 323
52983 331
52999 340
53016 337
53032 357
53048 361
53065 376
53081 381
53097 403
53114 413
53130 412
53146 430
53163 438
53179 446
53195 468
53212 471
53228 496
53244 501
53260 520
53277 532
53293 547
53309 562
53326 578
53342 592
53358 613
53375 618
53391 641
53407 666
53424 682
53440 700
53456 719
53473 743
53489 758
53505 778
53522 802
53538 817
53554 844
53571 852
53587 883
53603 905
53620 926
53636 948
53652 969
53669 991
53685 1022
53702 1039
53718 1066
53734 1074
53751 1108
53767 1134
53783 1158
53800 1182
53816 1218
53832 1238
53849 1255
53865 1284
53881 1309
53898 1333
53914 1361
53930 1386
53947 1407
53963 1439
53979 1462
53996 1490
54012 1511
54028 1534
54045 1564
54061 1589
54077 1615
54093 1644
54110 1662
54126 1700
54142 1721
54159 1757
54175 1779
54191 1816
54208 1841
54224 1864
54240 1891
54257 1919
54273 1942
54289 1976
54306 1995
54322 2019
54338 2051
54355 2078
54371 2106
54387 2127
54404 2157
54420 2182
54436 2199
54453 2236
54469 2247
54485 2279
54502 2305
54518 2332
54534 2357
54550 2385
54567 2422
54583 2451
54599 2457
54616 2484
54632 2502
54648 2535
54665 2552
54682 2582
54699 2602
54715 2623
54731 2649
54748 2669
54764 2694
54780 2712
54797 2739
54813 2754
54829 2779
54846 2802
54862 2820
54878 2844
54895 2875
54911 2883
54927 2908
54944 2920
54960 2944
54976 2962
54993 2975
55009 2991
55025 3009
55042 3029
55058 3044
55074 3059
55091 3056
55107 3089
55123 3105
55140 3121
55156 3129
55172 3141
55188 3156
55205 3169
55221 3188
55237 3192
55254 3209
55270 3223
55286 3233
55303 3241
55319 3253
55335 3262
55352 3271
55368 3278
55384 3288
55401 3292
55417 3304
55433 3304
55450 3312
55466 3319
55482 3323
55499 3332
55515 3336
55531 3339
55548 3336
55564 3343
55580 3351
55597 3350
55613 3357
55629 3373
55645 3379
55662 3365
55679 3367
55696 3363
55712 3358
55729 3357
55745 3350
55761 3351
55778 3346
55794 3335
55810 3337
55826 3333
55843 3326
55859 3324
55875 3317
55892 3313
55908 3305
55924 3296
55941 3290
55957 3281
55973 3292
55990 3266
56006 3253
56022 3243
56039 3233
56055 3227
56071 3216
56088 3204
56104 3193
56120 3183
56137 3166
56153 3155
56169 3142
56186 3128
56202 3111
56218 3100
56235 3085
56251 3075
56267 3055
56283 3034
56300 3022
56316 3004
56332 2984
56349 2974
56365 2946
56381 2935
56398 2913
56414 2894
56430 2877
56447 2857
56463 2835
56479 2819
56496 2791
56512 2774
56528 2748
56545 2731
56561 2707
56577 2685
56594 2661
56610 2634
56626 2618
56643 2593
56659 2570
56676 2548
56693 2528
56709 2493
56726 2474
56742 2452
56758 2426
56775 2401
56791 2376
56807 2344
56824 2328
56840 2299
56856 2278
56873 2250
56889 2225
56905 2199
56921 2176
56938 2149
56954 2126
56970 2093
56987 2065
57003 2041
57019 2017
57036 2000
57052 1967
57068 1937
57085 1908
57101 1883
57117 1870
57134 1821
57150 1801
57166 1772
57183 1747
57199 1719
57215 1690
57232 1664
57248 1615
57264 1611
57281 1586
57297 1558
57313 1523
57330 1502
57346 1480
57362 1457
57378 1430
57395 1403
57411 1378
57427 1355
57444 1333
57460 1302
57476 1278
57493 1250
57509 1231
57525 1205
57542 1175
57558 1154
57574 1127
57591 1105
57607 1086
57623 1056
57640 1042
57656 1012
57674 984
57691 967
57707 944
57723 935
57740 901
57756 880
57772 851
57789 837
57805 814
57821 797
57838 770
57854 752
57870 736
57887 714
57903 698
57919 680
57936 659
57952 639
57968 623
57985 615
58001 584
58017 574
58034 560
58050 543
58066 533
58083 514
58099 504
58115 491
58132 473
58148 465
58164 448
58180 440
58197 430
58213 417
58229 406
58246 392
58262 381
58278 374
58295 363
58311 362
58327 355
58344 337
58360 335
58376 316
58393 314
58409 311
58425 317
58442 300
58458 302
58474 290
58491 281
58507 283
58523 278
58540 280
58556 269
58572 265
58589 265
58605 264
58621 259
58637 270
58654 268
58670 263
58688 270
58704 286
58720 292
58737 286
58753 295
58769 301
58786 306
58802 326
58818 311
58834 331
58851 332
58867 339
58883 375
58900 358
58916 369
58932 371
58949 382
58965 398
58981 405
58998 432
59014 427
59030 443
59047 453
59063 464
59079 472
59096 488
59112 497
59128 523
59145 535
59161 554
59177 568
59194 577
59210 599
59226 618
59243 632
59259 653
59275 667
59291 690
59308 706
59324 727
59340 742
59357 763
59373 785
59389 802
59406 822
59422 848
59438 865
59455 883
59471 906
59487 938
59504 953
59520 976
59536 1013
59553 1026
59569 1051
59585 1073
59602 1090
59618 1122
59634 1140
59651 1166
59667 1200
59684 1220
59701 1246
59717 1266
59734 1291
59750 1315
59766 1346
59783 1364
59799 1390
59815 1420
59831 1443
59848 1470
59864 1497
59880 1524
59897 1553
59913 1577
59929 1607
59946 1629
59962 1657
59978 1680
59995 1711
60011 1742
60027 1764
60044 1793
60060 1822
60076 1847
60093 1876
60109 1904
60125 1932
60142 1966
60158 1976
60174 2009
60191 2038
60207 2058
60223 2095
60240 2110
60256 2145
60272 2166
60288 2195
60305 2219
60321 2242
60337 2270
60354 2295
60370 2319
60386 2347
60403 2367
60419 2399
60435 2446
60452 2446
60468 2470
60484 2485
60501 2522
60517 2545
60533 2557
60550 2588
60566 2592
60582 2637
60599 2652
60615 2687
60631 2703
60648 2720
60664 2749
60681 2767
60698 2793
60714 2809
60731 2831
60747 2853
60763 2874
60780 2892
60796 2912
60812 2930
60829 2949
60845 2966
60861 2977
60878 2995
60894 3015
60910 3035
60926 3051
60943 3067
60959 3087
60975 3097
60992 3116
61008 3125
61024 3138
61041 3152
61057 3167
61073 3180
61090 3187
61106 3199
61122 3214
61139 3224
61155 3237
61171 3240
61188 3255
61204 3263
61220 3266
61237 3276
61253 3282
61269 3297
61286 3306
61302 3310
61318 3330
61335 3293
61351 3330
61367 3327
61383 3340
61400 3342
61416 3343
61432 3350
61449 3348
61465 3352
61481 3361
61498 3362
61514 3365
61530 3365
61547 3365
61563 3361
61579 3359
61596 3347
61612 3346
61628 3347
61645 3343
61661 3335
61678 3338
61695 3334
61711 3326
61728 3320
61744 3316
61760 3306
61777 3299
61793 3294
61809 3284
61826 3283
61842 3270
61858 3260
61875 3253
61891 3241
61907 3229
61924 3222
61940 3198
61956 3199
61973 3185
61989 3176
62005 3159
62021 3152
62038 3139
62054 3121
62070 3110
62087 3093
62103 3078
62119 3064
62136 3035
62152 3032
62168 3011
62185 2996
62201 2983
62217 2965
62234 2943
62250 2920
62266 2907
62283 2887
62299 2858
62315 2844
62332 2821
62348 2808
62364 2788
62381 2761
62397 2750
62413 2717
62430 2699
62446 2678
62462 2666
62478 2629
62495 2606
62511 2585
62527 2562
62544 2539
62560 2516
62576 2496
62593 2472
62609 2443
62625 2417
62642 2395
62658 2369
62675 2340
62692 2316
62708 2288
62725 2276
62741 2240
62757 2219
62774 2187
62790 2162
62806 2138
62823 2110
62839 2088
62855 2059
62872 2029
62888 2012
62904 1979
62921 1954
62937 1925
62953 1899
62970 1871
62986 1828
63002 1807
63019 1781
63035 1757
63051 1738
63068 1704
63084 1681
63100 1655
63116 1622
63133 1604
63149 1573
63165 1556
63182 1523
63198 1492
63214 1471
63231 1441
63247 1423
63263 1391
63280 1369
63296 1345
63312 1318
63329 1293
63345 1271
63361 1239
63378 1216
63394 1185
63410 1171
63427 1145
63443 1119
63459 1106
63476 1077
63492 1048
63508 1030
63525 1003
63541 981
63557 955
63573 936
63590 916
63606 893
63622 873
63639 852
63655 827
63671 805
63689 790
63705 764
63722 738
63738 725
63755 704
63771 685
63787 670
63804 659
63820 637
63836 620
63853 606
63869 587
63885 569
63902 567
63918 539
63934 518
63951 490
63967 499
63983 492
63999 464
64016 464
64032 446
64048 433
64065 418
64081 402
64097 401
64114 389
64130 372
64146 370
64163 370
64179 353
64195 348
64212 335
64228 333
64244 315
64261 314
64277 305
64293 301
64310 297
64326 292
64342 286
64359 281
64375 289
64391 277
64408 268
64424 270
64440 253
64456 260
64473 254
64489 258
64505 264
64522 269
64538 282
64554 282
64571 283
64587 296
64603 292
64620 295
64636 303
64652 307
64669 313
64686 294
64702 330
64719 336
64735 345
64751 357
64768 361
64784 364
64800 375
64817 385
64833 403
64849 408
64865 423
64882 436
64898 444
64914 463
64931 470
64947 486
64963 500
64980 511
64996 529
65012 540
65029 562
65045 576
65061 588
65078 608
65094 623
65110 651
65127 661
65143 673
65159 685
65176 707
65192 730
65208 750
65225 771
65241 809
65257 815
65274 833
65290 859
65306 874
65322 903
65339 918
65355 940
65371 965
65388 983
65404 1008
65420 1039
65437 1056
65453 1083
65469 1102
65486 1128
65502 1150
65518 1175
65535 1196
65551 1225
65567 1271
65584 1275
65600 1298
65616 1341
65633 1350
65649 1382
65665 1404
65683 1434
65699 1454
65716 1483
65732 1506
65748 1508
65765 1561
65781 1587
65797 1615
65814 1643
65830 1665
65846 1699
65863 1711
65879 1754
65895 1779
65912 1807
65928 1830
65944 1855
65960 1907
65977 1913
65993 1942
66009 1972
66026 1995
66042 2022
66058 2052
66075 2068
66091 2102
66107 2125
66124 2154
66140 2179
66156 2205
66173 2231
66189 2255
66205 2280
66222 2307
66238 2325
66254 2356
66271 2375
66287 2408
66303 2426
66320 2465
66336 2485
66352 2509
66369 2527
66385 2556
66401 2574
66417 2602
66434 2624
66450 2645
66466 2662
66483 2690
66499 2714
66515 2733
66532 2754
66548 2781
66564 2792
66581 2827
66597 2831
66613 2857
66630 2880
66646 2899
66662 2918
66680 2938
66696 2961
66713 2972
66729 2993
66745 3014
66762 3028
66778 3043
66794 3060
66811 3075
66827 3102
66843 3104
66860 3122
66876 3132
66892 3146
66909 3171
66925 3171
66941 3178
66958 3199
66974 3205
