2 647
54 628
71 603
87 586
104 564
120 550
136 530
153 511
169 521
185 489
202 468
218 456
234 431
251 418
267 405
283 381
300 371
316 336
332 315
349 310
365 298
381 282
398 295
414 286
430 253
446 241
463 219
479 204
495 176
512 167
528 148
544 136
561 113
577 103
593 88
610 77
626 59
642 49
659 33
675 1
691 11
708 27
724 39
740 66
757 97
773 121
789 135
806 144
822 156
838 170
855 179
871 197
887 206
903 220
920 238
936 253
952 263
969 287
986 304
1003 314
1019 317
1036 336
1052 356
1068 372
1085 407
1101 430
1117 447
1134 451
1150 470
1166 483
1183 502
1199 510
1215 524
1232 543
1248 558
1264 573
1281 594
1297 604
1313 624
1330 640
1346 656
1362 658
1379 668
1395 685
1411 714
1428 725
1444 749
1460 789
1476 808
1493 818
1509 832
1525 843
1542 862
1558 871
1574 889
1591 912
1607 921
1623 935
1640 962
1656 975
1672 1011
1689 1009
1705 1025
1721 1038
1738 1037
1754 1047
1770 1070
1787 1112
1803 1111
1819 1145
1836 1177
1852 1185
1868 1199
1885 1215
1901 1233
1917 1219
1933 1241
1950 1254
1966 1279
1984 1323
2001 1348
2017 1351
2034 1366
2050 1359
2066 1370
2083 1386
2099 1411
2115 1429
2132 1465
2148 1488
2164 1508
2181 1518
2197 1532
2213 1547
2230 1546
2246 1559
2262 1574
2279 1592
2295 1616
2311 1636
2328 1678
2344 1689
2360 1707
2377 1718
2393 1731
2409 1735
2426 1739
2442 1757
2458 1776
2475 1795
2491 1815
2507 1852
2523 1874
2540 1885
2556 1901
2572 1926
2589 1912
2605 1930
2621 1937
2638 1960
2654 1981
2670 1991
2687 2014
2703 2048
2719 2068
2736 2083
2752 2097
2768 2103
2785 2108
2801 2113
2817 2131
2834 2166
2850 2172
2866 2191
2883 2239
2899 2247
2915 2264
2932 2274
2948 2287
2964 2278
2980 2300
2998 2319
3014 2349
3031 2353
3047 2389
3063 2413
3080 2421
3096 2435
3112 2450
3129 2436
3145 2458
3161 2442
3178 2428
3194 2422
3210 2415
3227 2414
3243 2395
3259 2376
3275 2313
3292 2339
3308 2301
3324 2282
3341 2274
3357 2256
3373 2243
3390 2228
3406 2227
3422 2220
3439 2205
3455 2172
3471 2163
3488 2133
3504 2102
3520 2086
3537 2079
3553 2059
3569 2054
3586 2057
3602 2044
3618 2024
3635 2006
3651 1977
3667 1951
3684 1926
3700 1911
3716 1900
3732 1884
3749 1867
3765 1855
3781 1865
3798 1845
3814 1807
3830 1787
3847 1773
3863 1758
3879 1742
3896 1717
3912 1707
3928 1690
3945 1672
3961 1663
3977 1640
3995 1621
4011 1602
4028 1589
4044 1567
4061 1555
4077 1542
4093 1524
4110 1503
4126 1494
4142 1470
4159 1458
4175 1443
4191 1422
4208 1406
4224 1390
4240 1372
4256 1358
4273 1339
4289 1323
4305 1307
4322 1295
4338 1271
4354 1256
4371 1243
4387 1216
4403 1207
4420 1194
4436 1170
4452 1157
4469 1139
4485 1128
4501 1105
4518 1093
4534 1071
4550 1062
4567 1040
4583 1024
4599 1007
4616 988
4632 973
4648 958
4665 949
4681 926
4697 902
4713 888
4730 869
4746 858
4762 838
4779 823
4795 809
4811 791
4828 773
4844 765
4860 740
4877 725
4893 719
4909 699
4926 664
4942 644
4958 630
4975 622
4992 624
5008 618
5025 593
5041 574
5058 555
5074 536
5091 518
5107 503
5123 486
5140 469
5156 469
5172 438
5189 425
5205 408
5221 392
5238 376
5254 351
5270 320
5286 309
5303 292
5319 282
5335 268
5352 282
5368 265
5384 250
5401 225
5417 208
5433 192
5450 178
5466 159
5482 146
5499 129
5515 114
5531 96
5548 80
5564 66
5580 53
5597 36
5613 21
5629 0
5646 14
5662 29
5678 56
5695 70
5711 98
5727 121
5743 143
5760 150
5776 167
5792 178
5809 191
5825 206
5841 223
5858 241
5874 259
5890 267
5907 281
5923 296
5939 316
5956 328
5972 346
5989 337
6006 365
6022 382
6039 402
6055 445
6072 459
6088 472
6104 479
6121 494
6137 511
6153 525
6170 536
6186 559
6202 571
6219 592
6235 606
6251 625
6268 640
6284 653
6300 670
6316 688
6333 680
6349 698
6365 719
6382 739
6398 754
6414 796
6431 817
6447 832
6463 845
6480 861
6496 869
6512 887
6529 900
6545 927
6561 937
6578 952
6594 967
6610 987
6627 1002
6643 1018
6659 1036
6676 1050
6692 1048
6708 1064
6725 1078
6741 1102
6757 1122
6773 1141
6790 1183
6806 1220
6822 1209
6839 1226
6855 1232
6871 1256
6888 1272
6904 1289
6920 1299
6937 1328
6953 1330
6969 1355
6987 1367
7003 1390
7020 1401
7036 1398
7053 1416
7069 1437
7085 1458
7102 1475
7118 1514
7134 1543
7151 1548
7167 1556
7183 1572
7200 1589
7216 1607
7232 1630
7249 1637
7265 1654
7281 1672
7298 1690
7314 1706
7330 1723
7346 1718
7363 1744
7379 1757
7395 1770
7412 1786
7428 1802
7444 1822
7461 1845
7477 1879
7493 1900
7510 1918
7526 1926
7542 1943
7559 1955
7575 1973
7591 1986
7608 2004
7624 2013
7640 2034
7657 2052
7673 2069
7689 2081
7706 2100
7722 2111
7738 2134
7755 2147
7771 2143
7787 2151
7803 2178
7820 2197
7836 2217
7852 2258
7869 2272
7885 2279
7901 2299
7918 2312
7934 2331
7950 2339
7967 2358
7984 2375
8000 2376
8017 2408
8033 2421
8050 2433
8066 2452
8083 2468
8099 2444
8115 2434
8132 2414
8148 2402
8164 2389
8181 2397
8197 2385
8213 2366
8230 2344
8246 2330
8262 2309
8279 2295
8295 2274
8311 2262
8328 2245
8344 2227
8360 2211
8376 2194
8393 2178
8409 2166
8425 2147
8442 2127
8458 2094
8474 2077
8491 2061
8507 2050
8523 2036
8540 2035
8556 2026
8572 2017
8589 1995
8605 1972
8621 1950
8638 1939
8654 1920
8670 1902
8687 1882
8703 1870
8719 1844
8736 1833
8752 1818
8768 1805
8785 1784
8801 1771
8817 1750
8833 1720
8850 1701
8866 1688
8882 1673
8899 1662
8915 1662
8931 1652
8948 1634
8964 1610
8980 1592
8998 1573
9014 1554
9031 1533
9047 1523
9063 1502
9080 1501
9096 1465
9112 1452
9129 1437
9145 1414
9161 1387
9178 1373
9194 1358
9210 1337
9227 1325
9243 1313
9259 1316
9276 1302
9292 1279
9308 1257
9325 1243
9341 1220
9357 1205
9374 1182
9390 1162
9406 1150
9423 1138
9439 1119
9455 1098
9471 1090
9488 1067
9504 1051
9520 1020
9537 1001
9553 982
9569 970
9586 954
9602 945
9618 947
9635 940
9651 896
9667 897
9684 877
9700 866
9716 840
9733 823
9749 796
9765 791
9782 772
9798 749
9814 738
9831 725
9847 703
9863 693
9880 672
9896 641
9912 619
9928 604
9945 593
9961 576
9977 564
9995 574
10012 551
10028 530
10044 513
10061 495
10077 475
10093 449
10110 445
10126 424
10142 416
10159 396
10175 382
10191 366
10208 348
10224 318
10240 299
10257 282
10273 278
10289 262
10306 248
10322 252
10338 241
10355 225
10371 204
10387 187
10404 170
10420 146
10436 138
10453 114
10469 88
10485 84
10501 73
10518 53
10534 45
10550 24
10567 13
10583 33
10599 50
10616 43
10632 62
10648 85
10665 96
10681 131
10697 159
10714 166
10730 185
10746 193
10763 209
10779 221
10795 236
10812 241
10828 259
10844 274
10861 290
10877 311
10893 324
10910 335
10926 352
10942 368
10958 377
10975 381
10992 406
11009 430
11025 471
11042 482
11058 497
11074 503
11091 519
11107 542
11123 549
11140 564
11156 584
11172 603
11189 613
11205 633
11221 649
11238 672
11254 680
11270 694
11287 699
11303 708
11319 726
11336 745
11352 765
11368 785
11385 827
11401 847
11417 837
11434 866
11450 885
11466 899
11483 915
11499 929
11515 935
11531 965
11548 978
11564 994
11580 1013
11597 1032
11613 1048
11629 1065
11646 1070
11662 1077
11678 1090
11695 1109
11711 1131
11727 1147
11744 1178
11760 1212
11776 1225
11793 1241
11809 1255
11825 1269
11842 1280
11858 1303
11874 1311
11891 1324
11907 1347
11923 1368
11940 1378
11956 1403
11972 1414
11990 1432
12006 1424
12023 1444
12039 1469
12056 1483
12072 1504
12088 1546
12104 1562
12121 1574
12137 1585
12153 1601
12170 1618
12186 1633
12202 1647
12219 1659
12235 1682
12251 1698
12268 1716
12284 1738
12300 1746
12317 1762
12333 1781
12349 1790
12366 1790
12382 1811
12398 1827
12415 1847
12431 1871
12447 1910
12464 1930
12480 1942
12496 1953
12513 1965
12529 1985
12545 1996
12561 2009
12578 2026
12594 2048
12610 2056
12627 2076
12643 2091
12659 2108
12676 2127
12692 2141
12708 2150
12725 2156
12741 2166
12757 2178
12774 2205
12790 2226
12806 2238
12823 2285
12839 2300
12855 2313
12872 2322
12888 2339
12904 2349
12921 2367
12937 2377
12953 2392
12970 2415
12987 2431
13004 2446
13020 2461
13037 2475
13053 2435
13069 2415
13086 2400
13102 2394
13118 2396
13134 2364
13151 2361
13167 2349
13183 2336
13200 2320
13216 2302
13232 2283
13249 2266
13265 2248
13281 2212
13298 2213
13314 2202
13330 2187
13347 2163
13363 2153
13379 2133
13396 2119
13412 2106
13428 2066
13445 2043
13461 2037
13477 2022
13494 2005
13510 2009
13526 2004
13543 1982
13559 1967
13575 1945
13591 1927
13608 1906
13624 1871
13640 1873
13657 1849
13673 1846
13689 1827
13706 1809
13722 1793
13738 1770
13755 1757
13771 1737
13787 1711
13804 1684
13820 1675
13836 1655
13853 1644
13869 1629
13885 1637
13902 1623
13918 1605
13934 1578
13951 1565
13967 1545
13984 1519
14001 1509
14017 1490
14034 1476
14050 1459
14067 1441
14083 1423
14099 1406
14116 1376
14132 1350
14148 1333
14164 1322
14181 1310
14197 1299
14213 1302
14230 1285
14246 1268
14262 1256
14279 1227
14295 1214
14311 1193
14328 1172
14344 1152
14360 1144
14377 1124
14393 1112
14409 1092
14426 1076
14442 1078
14458 1044
14475 1018
14491 988
14507 971
14524 953
14540 937
14556 932
14573 918
14589 918
14605 910
14621 885
14638 864
14654 851
14670 827
14687 815
14703 793
14719 751
14736 764
14752 746
14768 726
14785 712
14801 693
14817 680
14834 657
14850 648
14866 608
14883 591
14899 574
14915 569
14932 550
14948 559
14964 544
14981 521
14998 503
15015 481
15031 517
15048 445
15064 438
15080 419
15097 409
15113 387
15129 370
15146 355
15162 336
15178 318
15194 288
15211 275
15227 256
15243 251
15260 236
15276 235
15292 241
15309 212
15325 194
15341 177
15358 159
15374 139
15390 127
15407 102
15423 90
15439 76
15456 66
15472 47
15488 36
15505 18
15521 45
15537 37
15554 44
15570 51
15586 72
15603 90
15619 109
15635 121
15651 165
15668 179
15684 193
15700 204
15717 217
15733 227
15749 251
15766 253
15782 266
15798 289
15815 308
15831 317
15847 336
15864 352
15880 367
15896 381
15913 397
15929 397
15945 408
15962 422
15978 449
15995 497
16012 511
16028 521
16045 533
16061 547
16077 564
16094 576
16110 591
16126 607
16143 624
16159 645
16175 662
16192 676
16208 695
16224 707
16241 722
16257 719
16273 781
16290 757
16306 772
16322 791
16338 814
16355 857
16371 875
16387 883
16404 899
16420 910
16436 925
16453 941
16469 961
16485 969
16502 990
16518 1013
16534 1022
16551 1041
16567 1063
16583 1069
16600 1092
16616 1105
16632 1105
16649 1118
16665 1142
16681 1154
16698 1180
16714 1212
16730 1245
16747 1252
16763 1270
16779 1216
16795 1296
16812 1312
16828 1328
16844 1337
16861 1358
16877 1374
16893 1394
16910 1431
16926 1428
16942 1441
16959 1462
16975 1470
16992 1471
17009 1493
17025 1512
17042 1543
17058 1580
17075 1592
17091 1598
17107 1619
17124 1627
17140 1644
17156 1661
17173 1674
17189 1684
17205 1706
17222 1721
17238 1731
17254 1756
17271 1776
17287 1786
17303 1807
17320 1817
17336 1819
17352 1837
17368 1861
17385 1878
17401 1895
17417 1939
17434 1958
17450 1968
17466 1992
17483 1996
17499 2011
17515 2021
17532 2038
17548 2048
17564 2064
17581 2084
17597 2103
17613 2118
17630 2136
17646 2161
17662 2164
17679 2181
17695 2187
17711 2195
17728 2217
17744 2232
17760 2254
17777 2281
17793 2315
17809 2327
17825 2340
17842 2353
17858 2364
17874 2372
17891 2395
17907 2404
17923 2425
17940 2437
17956 2453
17972 2467
17990 2461
18006 2444
18023 2421
18039 2391
18056 2372
18072 2364
18088 2349
18105 2339
18121 2353
18137 2334
18154 2306
18170 2295
18186 2273
18203 2255
18219 2237
18235 2215
18252 2203
18268 2187
18284 2167
18301 2165
18317 2142
18333 2128
18350 2104
18366 2093
18382 2076
18398 2040
18415 2022
18431 2010
18447 1993
18464 1981
18480 1985
18496 1983
18513 1956
18529 1938
18545 1916
18562 1886
18578 1853
18594 1849
18611 1828
18627 1818
18643 1805
18660 1789
18676 1776
18692 1782
18709 1757
18725 1741
18741 1720
18758 1685
18774 1656
18790 1643
18807 1611
18823 1618
18839 1601
18855 1613
18872 1595
18888 1576
18904 1556
18921 1537
18937 1502
18953 1480
18970 1462
18987 1453
19004 1443
19020 1446
19037 1424
19053 1407
19069 1384
19086 1345
19102 1328
19118 1303
19135 1295
19151 1276
19167 1269
19184 1274
19200 1266
19216 1237
19233 1221
19249 1218
19265 1170
19282 1145
19298 1134
19314 1118
19331 1103
19347 1084
19363 1070
19380 1072
19396 1060
19412 1041
19428 1021
19445 1000
19461 961
19477 940
19494 926
19510 913
19526 902
19543 905
19559 899
19575 879
19592 859
19608 836
19624 813
19641 775
19657 762
19673 760
19690 739
19706 720
19722 711
19739 709
19755 701
19771 680
19788 662
19804 636
19820 610
19837 568
19853 562
19869 550
19885 544
19902 523
19918 534
19934 523
19951 502
19967 482
19985 452
20001 421
20018 413
20034 399
20050 380
20067 404
20083 376
20099 356
20116 329
20132 323
20148 287
20165 260
20181 247
20197 237
20214 221
20230 211
20246 190
20263 205
20279 189
20295 247
20312 145
20328 118
20344 93
20361 78
20377 67
20393 59
20410 43
20426 33
20442 30
20458 23
20475 30
20491 49
20507 64
20524 77
20540 98
20556 107
20573 120
20589 140
20605 152
20622 171
20638 184
20654 196
20671 216
20687 231
20703 245
20720 266
20736 278
20752 292
20769 308
20785 324
20801 338
20818 360
20834 369
20850 386
20867 402
20883 421
20899 435
20915 455
20932 469
20948 481
20964 497
20981 517
20998 534
21015 551
21031 566
21047 580
21064 596
21080 619
21096 625
21112 650
21129 662
21145 677
21161 694
21178 713
21194 725
21210 746
21227 760
21243 780
21259 794
21276 812
21292 827
21308 845
21325 866
21341 891
21357 893
21374 909
21390 926
21406 940
21423 959
21439 985
21455 995
21472 1011
21488 1026
21504 1037
21521 1057
21537 1075
21553 1102
21569 1117
21586 1130
21602 1134
21618 1144
21635 1159
21651 1153
21667 1207
21684 1219
21700 1264
21716 1281
21733 1294
21749 1306
21765 1324
21782 1336
21798 1351
21814 1370
21831 1385
21847 1398
21863 1420
21880 1433
21896 1455
21912 1468
21929 1486
21945 1502
21961 1508
21978 1510
21995 1536
22011 1566
22028 1585
22044 1620
22060 1630
22077 1643
22093 1673
22109 1675
22126 1689
22142 1698
22158 1719
22175 1738
22191 1750
22207 1770
22224 1783
22240 1804
22256 1820
22272 1831
22289 1852
22305 1868
22321 1879
22338 1884
22354 1888
22370 1916
22387 1940
22403 1977
22419 1994
22436 2004
22452 2023
22468 2035
22485 2045
22501 2067
22517 2080
22534 2098
22550 2116
22566 2132
22583 2145
22599 2157
22615 2177
22632 2195
22648 2200
22664 2228
22681 2226
22697 2237
22713 2255
22729 2275
22746 2291
22762 2314
22778 2352
22795 2367
22811 2377
22827 2398
22844 2407
22860 2421
22876 2436
22893 2454
22909 2505
22925 2485
22942 2450
22958 2437
22974 2419
22992 2403
23008 2386
23025 2351
23041 2333
23058 2319
23074 2310
23090 2292
23107 2305
23123 2291
23139 2273
23156 2248
23172 2232
23188 2211
23205 2195
23221 2173
23237 2166
23254 2145
23270 2131
23286 2114
23302 2100
23319 2079
23335 2069
23351 2048
23368 2031
23384 1997
23400 1978
23417 1953
23433 1953
23449 1941
23466 1939
23482 1932
23498 1918
23515 1897
23531 1876
23547 1859
23564 1844
23580 1821
23596 1805
23613 1787
23629 1776
23645 1751
23662 1740
23678 1722
23694 1699
23711 1688
23727 1670
23743 1638
23759 1613
23776 1601
23792 1588
23808 1572
23825 1563
23841 1580
23857 1555
23874 1536
23890 1513
23906 1493
23923 1476
23939 1454
23955 1441
23972 1421
23989 1406
24006 1384
24022 1365
24039 1346
24055 1320
24071 1308
24088 1284
24104 1266
24120 1256
24137 1243
24153 1224
24169 1232
24186 1217
24202 1199
24218 1174
24235 1158
24251 1139
24267 1124
24284 1105
24300 1088
24316 1061
24332 1044
24349 1037
24365 1022
24381 1004
24398 988
24414 970
24430 953
24447 908
24463 903
24479 882
24496 871
24512 859
24528 844
24545 850
24561 830
24577 814
24594 795
24610 773
24626 762
24643 739
24659 722
24675 699
24692 685
24708 671
24724 660
24741 640
24757 626
24773 604
24789 595
24806 573
24822 535
24838 521
24855 514
24871 494
24887 485
24904 493
24920 478
24936 467
24953 444
24969 420
24986 397
25003 386
25019 364
25036 354
25052 330
25069 307
25085 305
25101 292
25118 281
25134 258
25150 218
25167 201
25183 191
25199 182
25216 169
25232 176
25248 162
25265 152
25281 125
25297 110
25314 93
25330 74
25346 57
25362 45
25379 26
25395 15
25411 34
25428 47
25444 58
25460 79
25477 92
25493 115
25509 106
25526 120
25542 135
25558 155
25575 170
25591 189
25607 227
25624 219
25640 258
25656 266
25673 286
25689 298
25705 312
25722 326
25738 333
25754 362
25771 375
25787 383
25803 402
25819 415
25836 432
25852 455
25868 466
25885 491
25901 478
25917 498
25934 514
25950 540
25966 568
25984 594
26000 605
26017 618
26033 633
26050 640
26066 669
26082 678
26099 692
26115 715
26131 728
26148 742
26164 765
26180 783
26197 805
26213 797
26229 814
26246 828
26262 848
26278 869
26295 901
26311 928
26327 943
26344 954
26360 968
26376 983
26392 1001
26409 1016
26425 1026
26441 1049
26458 1065
26474 1080
26490 1099
26507 1115
26523 1130
26539 1142
26556 1165
26572 1168
26588 1168
26605 1194
26621 1214
26637 1232
26654 1253
26670 1290
26686 1314
26703 1321
26719 1333
26735 1352
26752 1371
26768 1379
26784 1397
26801 1412
26817 1426
26833 1444
26849 1466
26866 1475
26882 1484
26898 1509
26915 1533
26931 1538
26947 1548
26964 1560
26980 1583
26998 1602
27014 1644
27031 1659
27047 1696
27063 1688
27079 1702
27096 1719
27112 1736
27128 1742
27145 1759
27161 1776
27177 1796
27194 1811
27210 1830
27226 1843
27243 1861
27259 1876
27275 1890
27292 1886
27308 1912
27324 1931
27341 1952
27357 1967
27373 2010
27390 2030
27406 2049
27422 2052
27439 2074
27455 2078
27471 2100
27488 2108
27504 2123
27520 2136
27536 2152
27553 2172
27569 2188
27585 2189
27602 2225
27618 2240
27634 2242
27651 2239
27667 2268
27683 2280
27700 2301
27716 2321
27732 2346
27749 2375
27765 2397
27781 2409
27798 2419
27814 2431
27830 2451
27847 2461
27863 2483
27879 2457
27896 2442
27912 2426
27928 2413
27945 2397
27961 2377
27977 2362
27995 2329
28011 2310
28028 2293
28044 2286
28061 2274
28077 2280
28093 2264
28109 2244
28126 2223
28142 2205
28158 2187
28175 2171
28191 2148
28207 2134
28224 2118
28240 2108
28256 2089
28273 2081
28289 2054
28305 2042
28322 2022
28338 2003
28354 1965
28371 1956
28387 1937
28403 1927
28420 1914
28436 1919
28452 1903
28469 1880
28485 1867
28501 1852
28518 1830
28534 1811
28550 1792
28566 1769
28583 1759
28599 1752
28615 1729
28632 1709
28648 1693
28664 1679
28681 1659
28697 1640
28713 1609
28730 1589
28746 1576
28762 1563
28779 1541
28795 1533
28811 1541
28828 1526
28844 1504
28860 1488
28877 1467
28893 1450
28909 1427
28926 1410
28942 1390
28958 1378
28975 1361
28992 1349
29009 1326
29025 1306
29042 1279
29058 1252
29074 1244
29091 1226
29107 1210
29123 1199
29139 1209
29156 1190
29172 1171
29188 1149
29205 1133
29221 1114
29237 1093
29254 1069
29270 1058
29286 1041
29303 1028
29319 1014
29335 998
29352 975
29368 963
29384 944
29401 923
29417 891
29433 875
29450 855
29466 843
29482 832
29499 834
29515 827
29531 808
29548 787
29564 769
29580 745
29596 733
29613 714
29629 690
29645 680
29662 666
29678 643
29694 631
29711 617
29727 599
29743 581
29760 559
29776 534
29792 514
29809 496
29825 485
29841 471
29858 457
29874 465
29890 450
29907 427
29923 415
29939 395
29956 379
29972 356
29989 334
30006 328
30022 310
30039 292
30055 278
30072 265
30088 244
30104 225
30121 195
30137 180
30153 168
30169 154
30186 142
30202 156
30218 139
30235 123
30251 101
30267 88
30284 67
30300 50
30316 36
30333 11
30349 25
30365 47
30382 58
30398 75
30414 86
30431 106
30447 122
30463 126
30480 130
30496 145
30512 159
30529 178
30545 209
30561 220
30578 251
30594 275
30610 291
30626 297
30643 309
30659 325
30675 313
30692 350
30708 362
30724 390
30741 400
30757 415
30773 428
30790 454
30806 455
30822 478
30839 485
30855 491
30871 504
30888 528
30904 544
30920 566
30937 624
30953 626
30969 636
30987 649
31003 660
31020 670
31036 686
31053 712
31069 727
31085 740
31102 761
31118 776
31134 787
31151 794
31167 822
31183 816
31199 836
31216 856
31232 876
31248 909
31265 921
31281 949
31297 966
31314 981
31330 1000
31346 1012
31363 1021
31379 1056
31395 1054
31412 1068
31428 1091
31444 1110
31461 1125
31477 1138
31493 1158
31510 1172
31526 1184
31542 1191
31559 1199
31575 1223
31591 1240
31608 1258
31624 1281
31640 1321
31656 1337
31673 1352
31689 1367
31705 1376
31722 1395
31738 1410
31754 1425
31771 1435
31787 1465
31803 1475
31820 1492
31836 1502
31852 1526
31869 1544
31885 1559
31901 1568
31918 1578
31934 1586
31950 1598
31967 1626
31984 1673
32001 1689
32017 1702
32033 1716
32050 1725
32066 1747
32082 1757
32099 1770
32115 1782
32131 1808
32148 1823
32164 1843
32180 1860
32196 1872
32213 1888
32229 1902
32245 1911
32262 1919
32278 1928
32294 1958
32311 1979
32327 1991
32343 2033
32360 2056
32376 2067
32392 2079
32409 2090
32425 2108
32441 2133
32458 2134
32474 2145
32490 2167
32507 2181
32523 2199
32539 2216
32556 2231
32572 2246
32588 2266
32605 2273
32621 2274
32637 2288
32653 2309
32670 2346
32686 2345
32702 2375
32719 2424
32735 2420
32751 2432
32768 2394
32784 2460
32800 2470
32817 2462
32833 2444
32849 2424
32866 2412
32882 2402
32898 2384
32915 2367
32931 2351
32947 2339
32964 2318
32980 2283
32998 2270
33014 2255
33031 2244
33047 2253
33063 2236
33080 2204
33096 2197
33112 2178
33129 2159
33145 2146
33161 2124
33178 2103
33194 2096
33210 2076
33226 2062
33243 2042
33259 2025
33275 2006
33292 1991
33308 1972
33324 1933
33341 1926
33357 1909
33373 1896
33390 1887
33406 1891
33422 1883
33439 1855
33455 1840
33471 1818
33488 1802
33504 1783
33520 1768
33537 1742
33553 1725
33569 1716
33586 1700
33602 1681
33618 1665
33635 1668
33651 1628
33667 1607
33683 1580
33700 1559
33716 1557
33732 1535
33749 1521
33765 1507
33781 1516
33798 1499
33814 1481
33830 1453
33847 1436
33863 1419
33879 1404
33896 1378
33912 1363
33928 1346
33945 1330
33961 1309
33977 1299
33995 1280
34011 1261
34027 1234
34044 1211
34060 1194
34076 1186
34093 1173
34109 1161
34125 1164
34142 1149
34158 1128
34174 1102
34191 1088
34207 1069
34223 1050
34240 1028
34256 1013
34272 996
34289 978
34305 961
34321 949
34338 930
34354 914
34370 895
34386 885
34403 843
34419 829
34435 811
34452 804
34468 778
34484 791
34501 781
34517 769
34533 738
34550 725
34566 705
34582 685
34599 662
34615 653
34631 634
34648 616
34664 600
34680 587
34697 569
34713 550
34729 537
34746 521
34762 491
34778 467
34795 456
34811 445
34827 429
34843 417
34860 427
34876 411
34892 385
34909 365
34925 350
34941 331
34958 314
34974 302
34992 282
35008 272
35024 255
35041 238
35057 221
35074 211
35090 177
35106 151
35123 139
35139 126
35155 114
35172 104
35188 114
35204 99
35221 85
35237 60
35253 46
35270 4
35286 0
35302 18
35319 39
35335 53
35351 71
35368 90
35384 127
35400 141
35416 153
35433 163
35449 180
35465 169
35482 182
35498 202
35514 220
35531 237
35547 276
35563 301
35580 312
35596 327
35612 337
35629 341
35645 344
35661 357
35678 378
35694 395
35710 416
35727 431
35743 469
35759 487
35776 501
35792 512
35808 527
35825 523
35841 532
35857 550
35873 566
35890 590
35906 604
35922 668
35939 668
35955 676
35971 668
35989 692
36005 704
36022 730
36038 740
36055 757
36071 788
36087 818
36104 826
36120 846
36136 858
36153 867
36169 860
36185 881
36202 898
36218 925
36234 936
36251 984
36267 1001
36283 1013
36300 1008
36316 1042
36332 1036
36349 1048
36365 1069
36381 1085
36398 1104
36414 1120
36430 1139
36446 1174
36463 1196
36479 1212
36495 1224
36512 1241
36528 1229
36544 1248
36561 1265
36577 1288
36593 1301
36610 1328
36626 1364
36642 1378
36659 1393
36675 1410
36691 1426
36708 1421
36724 1432
36740 1457
36757 1471
36773 1491
36789 1509
36806 1536
36822 1565
36838 1584
36855 1590
36871 1605
36887 1621
36903 1614
36920 1630
36936 1649
36952 1670
36969 1690
36986 1729
37003 1745
37019 1759
37036 1755
37052 1767
37068 1785
37085 1807
37101 1823
37117 1850
37134 1858
37150 1880
37166 1894
37183 1909
37199 1929
37215 1944
37232 1960
37248 1978
37264 1992
37281 2009
37297 2029
37313 2043
37330 2058
37346 2076
37362 2087
37379 2108
37395 2125
37411 2136
37428 2156
37444 2174
37460 2185
37476 2204
37493 2228
37509 2236
37525 2251
37542 2268
37558 2282
37574 2301
37591 2313
37607 2333
37623 2347
37640 2364
37656 2377
37672 2396
37689 2410
37705 2426
37721 2441
37738 2460
37754 2471
37770 2447
37787 2428
37803 2415
37819 2397
37836 2384
37852 2363
37868 2349
37885 2352
37901 2317
37917 2302
37933 2287
37950 2272
37966 2260
37984 2237
38001 2224
38017 2214
38034 2189
38050 2165
38066 2147
38083 2139
38099 2123
38115 2109
38132 2091
38148 2074
38164 2059
38181 2040
38197 2030
38213 2018
38230 1998
38246 1977
38262 1968
38279 1921
38295 1908
38311 1896
38328 1886
38344 1870
38360 1875
38377 1864
38393 1858
38409 1826
38426 1809
38442 1788
38458 1772
38475 1744
38491 1736
38507 1707
38523 1704
38540 1684
38556 1672
38572 1650
38589 1640
38605 1617
38621 1614
38638 1575
38654 1547
38670 1530
38687 1521
38703 1508
38719 1492
38736 1500
38752 1489
38768 1466
38785 1444
38801 1422
38817 1408
38834 1389
38850 1373
38866 1351
38883 1340
38899 1327
38915 1302
38932 1285
38948 1275
38964 1250
38980 1224
38998 1195
39014 1178
39031 1165
39047 1156
39063 1144
39080 1150
39096 1131
39112 1116
39129 1092
39145 1072
39161 1056
39178 1041
39194 1022
39210 1004
39227 983
39243 973
39259 951
39275 946
39292 917
39308 897
39324 877
39341 868
39357 836
39373 819
39390 802
39406 790
39422 777
39439 776
39455 768
39471 745
39488 736
39504 714
39520 689
39537 677
39553 657
39569 642
39586 623
39602 609
39618 591
39635 577
39651 554
39667 545
39684 526
39700 522
39716 483
39732 461
39749 444
39765 428
39781 416
39798 406
39814 415
39830 403
39847 376
39863 361
39879 343
39896 325
39912 303
39928 299
39945 275
39961 257
39977 243
39995 225
40011 205
40028 200
40044 178
40061 143
40077 128
40093 120
40110 104
40126 94
40142 100
40159 92
40175 67
40191 53
40208 37
40224 17
40240 34
40256 50
40273 55
40289 83
40305 93
40322 110
40338 125
40354 139
40371 148
40387 171
40403 184
40420 185
40436 195
40452 209
40469 234
40485 250
40501 264
40518 307
40534 325
40550 331
40567 344
40583 364
40599 378
40616 390
40632 406
40648 425
40665 439
40681 453
40697 468
40713 484
40730 503
40746 503
40762 521
40779 535
40795 546
40811 564
40828 580
40844 599
40860 618
40877 649
40893 678
40909 686
40926 699
40942 716
40958 733
40975 750
40992 762
41008 777
41025 797
41041 813
41058 831
41074 845
41091 874
41107 877
41123 877
41140 891
41156 908
41172 937
41189 955
41205 984
41221 994
41238 1018
41254 1033
41270 1055
41286 1064
41303 1082
41319 1100
41335 1110
41352 1124
41368 1144
41384 1162
41401 1179
41417 1199
41433 1211
41450 1230
41466 1247
41482 1250
41499 1249
41515 1273
41531 1293
41548 1314
41564 1336
41580 1376
41597 1406
41613 1408
41629 1419
41646 1437
41662 1449
41678 1462
41695 1482
41711 1495
41727 1510
41743 1528
41760 1540
41776 1556
41792 1574
41809 1599
41825 1612
41841 1632
41858 1622
41874 1640
41890 1658
41907 1685
41923 1696
41939 1730
41956 1764
41972 1776
41989 1782
42006 1799
42022 1814
42039 1825
42055 1846
42072 1866
42088 1877
42104 1892
42121 1912
42137 1930
42153 1938
42170 1960
42186 1961
42202 1976
42219 1992
42235 2013
42251 2032
42268 2064
42284 2088
42300 2108
42316 2123
42333 2122
42349 2143
42365 2158
42382 2176
42398 2181
42414 2195
42431 2218
42447 2243
42463 2251
42480 2255
42496 2280
42512 2303
42529 2315
42545 2333
42561 2326
42578 2348
42594 2357
42610 2370
42627 2400
42643 2440
42659 2461
42676 2485
42692 2481
42708 2468
42725 2444
42741 2430
42757 2411
42773 2390
42790 2377
42806 2368
42822 2343
42839 2334
42855 2304
42871 2298
42888 2285
42904 2267
42920 2230
42937 2212
42953 2197
42969 2187
42987 2195
43003 2188
43020 2164
43036 2145
43053 2126
43069 2106
43085 2085
43102 2065
43118 2058
43134 2039
43151 2020
43167 2004
43183 1981
43200 1972
43216 1958
43232 1936
43249 1935
43265 1886
43281 1871
43298 1855
43314 1846
43330 1831
43346 1837
43363 1822
43379 1805
43395 1773
43412 1765
43428 1744
43444 1732
43461 1709
43477 1692
43493 1671
43510 1658
43526 1641
43542 1628
43559 1606
43575 1592
43591 1577
43608 1561
43624 1520
43640 1511
43657 1493
43673 1479
43689 1465
43706 1473
43722 1453
43738 1442
43755 1425
43771 1402
43787 1379
43803 1360
43820 1340
43836 1326
43852 1305
43869 1288
43885 1274
43901 1259
43918 1237
43934 1227
43950 1204
43967 1194
43984 1150
44000 1147
44017 1133
44033 1111
44050 1124
44066 1107
44083 1087
44099 1066
44115 1046
44132 1029
44148 1014
44164 985
44181 970
44197 954
44213 942
44230 919
44246 894
44262 895
44279 878
44295 851
44311 832
44328 799
44344 790
44360 773
44376 762
44393 751
44409 760
44425 739
44442 720
44458 699
44474 688
44491 659
44507 645
44523 630
44540 609
44556 597
44572 622
44589 566
44605 550
44621 528
44638 516
44654 500
44670 481
44687 444
44703 431
44719 415
44736 409
44752 391
44768 388
44785 392
44801 374
44817 348
44833 333
44850 316
44866 295
44882 279
44899 261
44915 245
44931 231
44948 214
44964 204
44980 186
44998 166
45014 146
45031 119
45047 104
45063 91
45080 78
45096 66
45112 79
45129 59
45145 45
45161 27
45178 31
45194 40
45210 61
45227 72
45243 83
45259 106
45276 113
45292 135
45308 155
45325 164
45341 179
45357 205
45374 208
45390 204
45406 222
45423 237
45439 258
45455 274
45471 302
45488 332
45504 352
45520 375
45537 375
45553 389
45569 402
45586 415
45602 427
45618 443
45635 467
45651 475
45667 491
45684 512
45700 525
45716 541
45733 558
45749 574
45765 571
45782 585
45798 605
45814 628
45831 603
45847 683
45863 707
45880 720
45896 734
45912 742
45928 753
45945 770
45961 809
45977 801
45995 829
46012 842
46028 855
46044 873
46061 889
46077 909
46093 899
46110 921
46126 937
46142 1006
46159 977
46175 1017
46191 1040
46208 1056
46224 1067
46240 1084
46257 1095
46273 1115
46289 1123
46306 1137
46322 1157
46338 1178
46355 1194
46371 1208
46387 1224
46404 1241
46420 1254
46436 1267
46453 1274
46469 1287
46485 1298
46501 1326
46518 1350
46534 1365
46550 1403
46567 1413
46583 1436
46599 1451
46616 1462
46632 1477
46648 1488
46665 1507
46681 1512
46697 1542
46714 1558
46730 1576
46746 1592
46763 1608
46779 1633
46795 1644
46812 1650
46828 1660
46844 1671
46861 1689
46877 1710
46893 1725
46910 1763
46926 1793
46942 1798
46958 1812
46975 1832
46992 1844
47009 1854
47025 1875
47042 1895
47058 1907
47074 1921
47091 1943
47107 1961
47123 1973
47140 1983
47156 1990
47172 2003
47189 2018
47205 2038
47221 2061
47238 2096
47254 2117
47270 2134
47287 2146
47303 2160
47319 2168
47336 2183
47352 2202
47368 2212
47385 2227
47401 2245
47417 2240
47434 2287
47450 2297
47466 2319
47483 2328
47499 2344
47515 2347
47531 2356
47548 2371
47564 2391
47580 2409
47597 2426
47613 2465
47629 2491
47646 2473
47662 2456
47678 2435
47695 2418
47711 2403
47727 2401
47744 2362
47760 2352
47776 2336
47793 2319
47809 2301
47825 2295
47842 2270
47858 2256
47874 2235
47891 2205
47907 2190
47923 2172
47940 2159
47956 2147
47972 2146
47990 2138
48006 2122
48023 2100
48039 2078
48056 2060
48072 2042
48088 2028
48104 2012
48121 1991
48137 1983
48153 1963
48170 1947
48186 1924
48202 1911
48219 1881
48235 1859
48251 1840
48268 1834
48284 1821
48300 1804
48317 1811
48333 1806
48349 1774
48366 1757
48382 1733
48398 1721
48415 1697
48431 1683
48447 1660
48464 1649
48480 1637
48496 1625
48513 1599
48529 1583
48545 1570
48561 1550
48578 1530
48594 1481
48610 1475
48627 1466
48643 1447
48659 1438
48676 1441
48692 1434
48708 1409
48725 1394
48741 1369
48757 1353
48774 1336
48790 1317
48806 1294
48823 1282
48839 1269
48855 1251
48872 1235
48888 1219
48904 1201
48921 1184
48937 1159
48953 1136
48970 1108
48987 1098
49004 1091
49020 1099
49037 1075
49053 1054
49069 1040
49086 1020
49102 1000
49118 977
49134 961
49151 941
49167 934
49183 914
49200 902
49216 883
49232 869
49249 849
49265 827
49281 799
49298 776
49314 763
49330 752
49347 733
49363 723
49379 732
49396 716
49412 693
49428 678
49445 654
49461 634
49477 620
49494 580
49510 580
49526 570
49543 555
49559 539
49575 522
49591 509
49608 489
49624 469
49640 452
49657 422
49673 401
49689 398
49706 380
49722 367
49738 367
49755 367
49771 346
49787 325
49804 304
49820 291
49836 271
49853 256
49869 233
49885 220
49902 208
49918 192
49934 195
49951 161
49967 151
49984 128
50001 96
50017 77
50034 67
50050 54
50067 54
50083 57
50099 36
50116 16
50132 46
50148 58
50164 72
50181 84
50197 95
50213 113
50230 131
50246 150
50262 160
50279 177
50295 195
50311 204
50328 219
50344 224
50360 233
50377 260
50393 262
50409 289
50426 306
50442 337
50458 363
50475 376
50491 386
50507 402
50524 414
50540 424
50556 445
50573 455
50589 466
50605 484
50621 507
50638 520
50654 538
50670 550
50687 571
50703 586
50719 586
50736 598
50752 620
50768 637
50785 657
50801 686
50817 719
50834 732
50850 746
50866 755
50883 770
50899 788
50915 801
50932 803
50948 828
50964 844
50981 867
50998 885
51015 900
51031 916
51048 914
51064 911
51080 947
51097 973
51113 984
51129 1006
51146 1052
51162 1066
51178 1077
51194 1092
51211 1115
51227 1122
51243 1136
51260 1149
51276 1163
51292 1182
51309 1199
51325 1214
51341 1228
51358 1252
51374 1266
51390 1285
51407 1299
51423 1303
51439 1319
51456 1336
51472 1350
51488 1374
51505 1411
51521 1436
51537 1445
51554 1459
51570 1473
51586 1493
51603 1498
51619 1514
51635 1534
51651 1555
51668 1569
51684 1586
51700 1604
51717 1618
51733 1634
51749 1651
51766 1665
51782 1672
51798 1757
51815 1692
51831 1715
51847 1740
51864 1756
51880 1799
51896 1814
51913 1827
51929 1821
51945 1859
51962 1845
51978 1871
51995 1888
52012 1908
52028 1935
52045 1968
52061 1981
52077 1993
52094 2007
52110 2020
52126 2010
52143 2028
52159 2045
52175 2068
52192 2084
52208 2121
52224 2133
52241 2163
52257 2171
52273 2187
52290 2175
52306 2190
52322 2207
52338 2225
52355 2244
52371 2265
52387 2283
52404 2323
52420 2338
52436 2348
52453 2360
52469 2378
52485 2369
52502 2379
52518 2395
52534 2418
52551 2437
52567 2454
52583 2494
52600 2469
52616 2446
52632 2425
52649 2410
52665 2377
52681 2366
52698 2354
52714 2327
52730 2312
52747 2297
52763 2283
52779 2309
52795 2276
52812 2254
52828 2237
52844 2214
52861 2185
52877 2160
52893 2144
52910 2131
52926 2116
52942 2120
52959 2119
52975 2095
52992 2069
53009 2030
53025 2016
53042 2000
53058 1989
53075 1981
53091 1972
53107 1952
53124 1945
53140 1926
53156 1909
53173 1889
53189 1852
53205 1832
53222 1802
53238 1804
53254 1791
53271 1789
53287 1785
53303 1769
53320 1745
53336 1724
53352 1707
53368 1671
53385 1652
53401 1639
53417 1623
53434 1610
53450 1594
53466 1589
53483 1585
53499 1563
53515 1543
53532 1522
53548 1492
53564 1468
53581 1451
53597 1434
53613 1422
53630 1431
53646 1418
53662 1403
53679 1379
53695 1363
53711 1343
53728 1306
53744 1284
53760 1271
53777 1255
53793 1251
53809 1232
53825 1212
53842 1197
53858 1201
53874 1165
53891 1149
53907 1129
53923 1116
53940 1101
53956 1082
53972 1062
53990 1049
54006 1029
54023 1023
54039 983
54056 981
54072 964
54088 952
54105 931
54121 918
54137 896
54154 879
54170 862
54186 845
54203 833
54219 814
54235 794
54252 782
54268 766
54284 745
54301 731
54317 712
54333 702
54350 683
54366 666
54382 648
54398 636
54415 615
54431 604
54447 583
54464 567
54480 553
54496 540
54513 522
54529 508
54545 488
54562 478
54578 454
54594 443
54611 423
54627 410
54643 393
54660 376
54676 355
54692 345
54709 342
54725 326
54741 296
54758 280
54774 268
54790 252
54807 235
54823 224
54839 205
54855 190
54872 178
54888 166
54904 149
54921 135
54937 120
54953 103
54970 87
54987 53
55004 35
55020 28
55037 37
55053 29
55069 45
55086 53
55102 72
55118 81
55135 93
55151 104
55167 129
55184 135
55200 154
55216 166
55233 188
55249 206
55265 216
55282 227
55298 248
55314 246
55331 255
55347 268
55363 290
55380 312
55396 332
55412 372
55428 387
55445 397
55461 411
55477 427
55494 433
55510 450
55526 466
55543 487
55559 498
55575 512
55592 531
55608 547
55624 562
55641 579
55657 595
55673 613
55690 610
55706 617
55722 643
55739 659
55755 684
55771 715
55788 743
55804 748
55820 771
55837 782
55853 801
55869 811
55885 829
55902 844
55918 862
55934 874
55951 899
55967 910
55985 924
56001 947
56018 947
56034 960
56050 976
56067 994
56083 1015
56099 1052
56116 1075
56132 1086
56148 1106
56165 1121
56181 1134
56197 1152
56214 1162
56230 1181
56246 1194
56263 1214
56279 1229
56295 1246
56312 1264
56328 1278
56344 1300
56361 1312
56377 1315
56393 1329
56410 1348
56426 1365
56442 1400
56458 1402
56475 1445
56491 1467
56507 1469
56524 1488
56540 1502
56556 1518
56573 1531
56589 1546
56605 1561
56622 1587
56638 1595
56654 1613
56671 1627
56687 1649
56703 1662
56720 1681
56736 1693
56752 1739
56769 1706
56785 1724
56801 1744
56818 1764
56834 1787
56850 1830
56867 1843
56883 1877
56899 1868
56915 1886
56932 1894
56948 1909
56964 1930
56981 1950
56998 1964
57015 1979
57031 1997
57047 2008
57064 2028
57080 2046
57096 2037
57112 2054
57129 2075
57145 2092
57161 2110
57178 2144
57194 2191
57210 2190
57227 2198
57243 2199
57259 2226
57276 2243
57292 2257
57308 2270
57325 2289
57341 2303
57357 2316
57374 2333
57390 2350
57406 2366
57423 2371
57439 2381
57455 2407
57472 2412
57488 2420
57504 2442
57521 2459
57537 2451
57553 2452
57569 2442
57586 2412
57602 2397
57618 2387
57635 2367
57651 2353
57667 2333
57684 2313
57700 2296
57716 2285
57733 2267
57749 2254
57765 2237
57782 2217
57798 2204
57814 2185
57831 2151
57847 2131
57863 2117
57880 2112
57896 2101
57912 2077
57929 2088
57945 2076
57961 2043
57978 2026
57995 2009
58011 1993
58028 1973
58044 1950
58060 1939
58077 1926
58093 1903
58109 1897
58126 1874
58142 1860
58158 1841
58175 1801
58191 1782
58207 1770
58224 1758
58240 1745
58256 1740
58272 1743
58289 1724
58305 1707
58321 1681
58338 1668
58354 1643
58370 1630
58387 1612
58403 1596
58419 1575
58436 1563
58452 1538
58468 1521
58485 1507
58501 1496
58517 1477
58534 1463
58550 1419
58566 1406
58583 1392
58599 1382
58615 1363
58632 1372
58648 1354
58664 1343
58681 1316
58697 1303
58713 1277
58729 1264
58746 1244
58762 1220
58778 1204
58795 1195
58811 1182
58827 1164
58844 1143
58860 1120
58876 1111
58893 1093
58909 1064
58925 1042
58942 1026
58958 1011
58974 1000
58992 1008
59008 987
59025 967
59041 947
59058 928
59074 911
59090 892
59107 869
59123 858
59139 846
59156 827
59172 811
59188 791
59205 778
59221 760
59237 731
59254 708
59270 688
59286 674
59302 669
59319 652
59335 664
59351 649
59368 623
59384 603
59400 590
59417 552
59433 554
59449 532
59466 517
59482 500
59498 483
59515 466
59531 455
59547 441
59564 425
59580 401
59596 396
59613 348
59629 341
59645 325
59662 313
59678 299
59694 303
59711 296
59727 291
59743 259
59759 235
59776 225
59792 208
59808 185
59825 172
59841 154
59857 128
59874 126
59890 109
59906 93
59923 82
59939 65
59955 51
59972 24
59989 4
60006 13
60022 30
60039 73
60055 88
60071 100
60088 105
60104 125
60120 139
60137 152
60153 165
60169 148
60186 191
60202 213
60218 221
60235 240
60251 254
60267 272
60284 286
60300 294
60316 300
60332 317
60349 333
60365 355
60381 373
60398 414
60414 418
60430 443
60447 456
60463 467
60479 480
60496 498
60512 508
60528 524
60545 540
60561 556
60577 573
60594 596
60610 605
60626 623
60643 637
60659 657
60675 657
60692 670
60708 687
60724 708
60741 750
60757 752
60773 782
60789 799
60806 810
60822 830
60838 846
60855 859
60871 875
60887 890
60904 895
60920 900
60936 940
60953 959
60969 971
60986 989
61003 996
61019 995
61036 1019
61052 1034
61069 1059
61085 1085
61101 1122
61118 1138
61134 1149
61150 1156
61167 1176
61183 1193
61199 1210
61216 1217
61232 1253
61248 1255
61265 1273
61281 1294
61297 1305
61314 1319
61330 1345
61346 1353
61362 1370
61379 1369
61395 1386
61411 1401
61428 1429
61444 1442
61460 1486
61477 1506
61493 1497
61509 1533
61526 1544
61542 1553
61558 1578
61575 1589
61591 1603
61607 1620
61624 1651
61640 1655
61656 1673
61673 1693
61689 1706
61705 1721
61722 1737
61738 1737
61754 1750
61771 1766
61787 1790
61803 1810
61819 1831
61836 1867
61852 1889
61868 1900
61885 1913
61901 1928
61917 1940
61934 1953
61950 1971
61966 1984
61984 2003
62000 2021
62017 2038
62033 2054
62050 2064
62066 2068
62082 2081
62099 2100
62115 2117
62131 2136
62148 2153
62164 2195
62180 2217
62197 2229
62213 2237
62229 2255
62246 2266
62262 2284
62278 2291
62295 2306
62311 2331
62327 2346
62344 2363
62360 2375
62376 2392
62392 2408
62409 2422
62425 2434
62441 2437
62458 2447
62474 2444
62490 2432
62507 2418
62523 2419
62539 2415
62556 2403
62572 2371
62588 2358
62605 2340
62621 2321
62637 2305
62654 2287
62670 2267
62686 2257
62703 2241
62719 2223
62735 2208
62752 2193
62768 2174
62784 2158
62801 2130
62817 2105
62833 2089
62849 2078
62866 2067
62882 1998
62898 2062
62915 2044
62931 2022
62947 2007
62964 1986
62980 1961
62998 1941
63014 1933
63031 1915
63047 1899
63063 1880
63079 1866
63096 1850
63112 1832
63128 1807
63145 1780
63161 1760
63177 1746
63194 1739
63210 1719
63226 1718
63243 1707
63259 1694
63275 1678
63292 1655
63308 1637
63324 1619
63341 1603
63357 1576
63373 1566
63390 1552
63406 1536
63422 1519
63439 1502
63455 1478
63471 1468
63488 1446
63504 1420
63520 1393
63536 1380
63553 1366
63569 1356
63585 1342
63602 1346
63618 1322
63634 1324
63651 1295
63667 1279
63683 1251
63700 1235
63716 1214
63732 1194
63749 1180
63765 1164
63781 1146
63798 1138
63814 1118
63830 1100
63847 1083
63863 1062
63879 1028
63896 1013
63912 997
63928 982
63945 967
63961 971
63977 967
63995 936
64011 921
64028 901
64044 882
64061 854
64077 852
64093 835
64109 819
64126 799
64142 781
64158 766
64175 752
64191 727
64207 697
64224 678
64240 667
64256 651
64273 641
64289 635
64305 636
64322 618
64338 600
64354 574
64371 561
64387 541
64403 522
64420 506
64436 485
64452 474
64469 464
64485 441
64501 427
64518 413
64534 394
64550 375
64566 364
64583 328
64599 314
64615 295
64632 290
64648 277
64664 279
64681 265
64697 247
64713 236
64730 215
64746 194
64762 180
64779 177
64795 143
64811 133
64828 115
64844 103
64860 90
64877 70
64893 61
64909 29
64926 19
64942 0
64958 10
64975 31
64992 55
65009 94
65025 107
65042 122
65058 135
65074 148
65091 171
65107 180
65123 187
65139 203
65156 218
65172 236
65188 252
65205 271
65221 256
65237 297
65254 308
65270 315
65286 320
65303 341
65319 359
65335 378
65352 399
65368 441
65384 454
65401 467
65417 478
65433 495
65450 509
65466 524
65482 532
65499 551
65515 570
65531 588
65548 607
65564 619
65580 638
65596 646
65613 668
65629 678
65645 683
65662 693
65678 714
65694 734
65711 753
65727 785
65743 813
65760 831
65776 842
65792 855
65809 867
65825 884
65841 901
65858 913
65874 926
65890 950
65907 966
65923 982
65939 1003
65956 1016
65972 1028
65989 1032
66006 1041
66022 1064
66039 1076
66055 1124
66072 1148
66088 1168
66104 1178
66121 1191
66137 1206
66153 1217
66169 1236
66186 1248
66202 1264
66218 1287
66235 1308
66251 1318
66267 1334
66284 1352
66300 1370
66316 1384
66333 1392
66349 1393
66365 1417
66382 1433
66398 1456
66414 1472
66431 1513
66447 1535
66463 1550
66480 1562
66496 1576
66512 1589
66529 1603
66545 1616
66561 1629
66578 1650
66594 1669
66610 1685
66626 1704
66643 1717
66659 1733
66675 1749
66692 1758
66708 1760
66724 1779
66741 1798
66757 1822
66773 1835
66790 1860
66806 1901
66822 1917
66839 1927
66855 1937
66871 1952
66888 1972
66904 1981
66920 1995
66937 2003
66953 2028
66969 2046
66987 2065
