2.00 0.35 1609.50 29.63
23.12 4.26 1611.62 29.29
39.50 4.21 1607.75 30.89
56.00 4.28 1611.87 45.67
72.50 4.21 1611.75 43.17
88.87 4.16 1613.12 43.27
105.00 4.28 1614.50 32.37
121.50 4.21 1611.00 30.64
137.87 4.16 1616.75 21.94
154.00 4.28 1614.50 17.83
170.12 4.26 1611.12 22.18
186.87 4.16 1612.50 32.88
203.00 4.28 1604.12 47.23
219.12 4.26 1605.87 50.80
235.87 4.16 1603.50 57.59
252.00 4.28 1603.87 53.46
268.12 4.26 1598.50 57.84
284.87 4.16 1602.25 56.46
301.00 4.28 1601.12 55.90
317.12 4.26 1600.37 49.53
333.50 4.21 1590.50 34.01
350.00 4.28 1590.00 24.11
366.12 4.26 1586.37 22.61
382.50 4.21 1586.00 30.48
398.87 4.16 1579.25 35.78
415.12 4.26 1579.37 39.99
431.50 4.21 1577.50 38.65
447.87 4.16 1577.62 46.49
464.00 4.28 1570.87 53.80
480.50 4.21 1568.62 48.63
496.87 4.16 1565.75 55.26
513.00 4.28 1563.87 38.16
529.50 4.21 1559.62 27.34
545.87 4.16 1551.25 7.34
562.00 4.28 1545.87 32.20
578.50 4.21 1543.87 49.79
594.87 4.16 1539.37 55.73
611.00 4.28 1535.50 54.43
627.12 4.26 1526.37 52.04
643.87 4.16 1520.12 47.33
660.00 4.28 1519.00 49.65
676.12 4.26 1516.75 43.52
692.87 4.16 1509.37 31.77
709.00 4.28 1499.62 7.13
725.12 4.26 1493.37 36.37
741.87 4.16 1486.37 42.04
758.00 4.28 1481.25 45.97
774.12 4.26 1474.87 56.40
790.50 4.21 1467.12 54.53
807.00 4.28 1465.00 57.34
823.12 4.26 1457.37 52.68
839.50 4.21 1454.50 46.75
855.87 4.16 1444.75 48.73
872.12 4.26 1442.75 46.58
888.50 4.21 1435.37 39.11
904.87 4.16 1429.50 30.73
921.00 4.28 1421.62 23.45
937.50 4.21 1411.37 14.54
954.12 4.40 1403.12 31.36
970.12 4.40 1397.87 32.76
986.75 4.44 1391.00 36.14
1004.00 4.28 1387.12 26.03
1020.50 4.21 1378.87 30.02
1037.00 4.28 1369.00 38.96
1053.50 4.21 1361.62 40.02
1069.87 4.16 1354.62 46.58
1086.00 4.28 1352.00 52.09
1102.50 4.21 1340.25 55.46
1118.87 4.16 1331.25 46.37
1135.00 4.28 1326.50 53.86
1151.50 4.21 1320.12 55.04
1167.87 4.16 1312.12 53.75
1184.00 4.28 1302.37 48.06
1200.12 4.26 1295.75 41.69
1216.87 4.16 1288.62 39.28
1233.00 4.28 1279.87 44.70
1249.12 4.26 1272.87 46.88
1265.87 4.16 1262.00 43.30
1282.00 4.28 1256.25 44.56
1298.12 4.26 1242.62 45.93
1314.87 4.16 1236.87 43.67
1331.00 4.28 1225.25 44.39
1347.12 4.26 1221.25 47.65
1363.50 4.21 1215.75 36.88
1380.00 4.28 1207.00 38.47
1396.12 4.26 1197.00 25.75
1412.50 4.21 1188.87 12.31
1428.87 4.16 1180.50 28.13
1445.12 4.26 1175.75 42.15
1461.50 4.21 1166.62 44.96
1477.87 4.16 1157.12 42.38
1494.00 4.28 1150.25 46.28
1510.50 4.21 1146.12 51.13
1526.87 4.16 1136.75 57.90
1543.00 4.28 1131.12 51.82
1559.50 4.21 1121.12 42.53
1575.87 4.16 1116.87 31.48
1592.00 4.28 1109.25 25.42
1608.50 4.21 1101.37 11.24
1624.87 4.16 1091.25 32.46
1641.00 4.28 1084.25 35.23
1657.12 4.26 1074.87 45.30
1673.87 4.16 1071.62 47.42
1690.00 4.28 1063.62 51.15
1706.12 4.26 1056.37 55.94
1722.87 4.16 1051.87 52.86
1739.00 4.28 1050.75 48.33
1755.12 4.26 1035.25 42.99
1771.87 4.16 1028.50 36.59
1788.00 4.28 1020.62 10.36
1804.12 4.26 1016.25 33.86
1820.50 4.21 1008.75 33.99
1837.00 4.28 999.12 37.68
1853.12 4.26 991.12 43.22
1869.50 4.21 992.75 41.06
1885.87 4.16 982.12 52.61
1902.12 4.26 977.75 57.07
1918.50 4.21 968.87 53.59
1934.87 4.16 962.50 25.03
1951.12 4.40 957.87 22.00
1967.62 4.33 959.12 29.76
1984.12 4.40 945.75 24.08
2001.12 4.26 941.75 41.49
2017.87 4.16 938.00 44.48
2034.12 4.26 930.62 47.91
2050.87 4.16 931.87 45.21
2066.87 4.16 927.87 45.50
2083.50 4.21 924.00 54.08
2099.87 4.16 904.00 51.97
2115.87 4.16 907.62 39.72
2132.50 4.21 902.87 25.90
2148.87 4.16 900.37 34.85
2164.87 4.16 895.75 30.43
2181.50 4.21 892.00 29.12
2197.87 4.16 888.87 42.34
2213.87 4.16 886.37 38.27
2230.12 4.26 879.37 33.23
2246.87 4.16 877.75 27.20
2262.87 4.16 875.37 18.44
2279.12 4.26 874.62 31.57
2295.87 4.16 869.50 41.15
2311.87 4.16 865.00 32.50
2328.12 4.26 862.37 52.81
2344.87 4.16 863.12 57.62
2360.87 4.16 858.25 55.40
2377.12 4.26 857.62 49.48
2393.50 4.21 849.25 32.46
2409.87 4.16 853.62 29.91
2426.00 4.15 854.87 24.06
2442.50 4.21 859.25 20.80
2458.87 4.16 850.25 31.06
2475.00 4.15 845.00 34.51
2491.50 4.21 843.12 41.54
2507.87 4.16 842.75 45.31
2523.87 4.16 839.87 40.76
2540.50 4.21 838.00 31.62
2556.87 4.16 841.75 15.59
2572.87 4.16 840.37 27.23
2589.50 4.21 840.37 31.05
2605.87 4.16 844.50 37.35
2621.87 4.16 843.62 48.33
2638.50 4.21 846.37 42.64
2654.87 4.16 846.00 39.30
2670.87 4.16 847.62 47.78
2687.12 4.26 851.12 43.99
2703.87 4.16 846.12 47.29
2719.87 4.16 849.12 39.14
2736.12 4.26 853.87 48.09
2752.87 4.16 855.37 52.65
2768.87 4.16 855.75 37.67
2785.12 4.26 860.75 15.19
2801.87 4.16 863.00 33.25
2817.87 4.16 865.50 30.61
2834.12 4.26 866.25 21.99
2850.50 4.21 867.00 25.10
2866.87 4.16 871.87 28.97
2883.00 4.15 870.75 35.15
2899.50 4.21 875.87 44.42
2915.87 4.16 879.12 54.21
2932.00 4.15 885.75 47.75
2948.50 4.21 884.25 31.73
2965.00 4.28 891.50 21.58
2981.12 4.40 905.50 35.80
2997.62 4.33 901.25 16.51
3015.00 4.28 902.25 32.84
3031.50 4.21 904.62 21.87
3047.87 4.16 909.00 23.43
3064.00 4.15 915.50 29.77
3080.50 4.21 920.75 47.22
3096.87 4.16 926.25 54.15
3113.00 4.15 926.50 50.00
3129.50 4.21 939.00 28.96
3145.87 4.16 943.00 27.83
3162.00 4.15 946.87 16.99
3178.50 4.21 950.50 25.12
3194.87 4.16 956.25 9.85
3211.00 4.15 963.50 27.93
3227.50 4.21 968.50 37.51
3243.87 4.16 975.25 39.81
3260.00 4.15 982.62 54.85
3276.12 4.26 995.12 7.89
3292.87 4.16 994.12 45.36
3309.00 4.15 1000.00 45.94
3325.12 4.26 1008.75 37.98
3341.87 4.16 1013.62 35.16
3358.00 4.15 1021.12 44.57
3374.12 4.26 1028.62 39.35
3390.50 4.21 1038.62 29.96
3407.00 4.15 1037.75 30.80
3423.12 4.26 1048.12 29.04
3439.50 4.21 1052.50 32.70
3456.00 4.15 1061.37 12.59
3472.12 4.26 1067.37 24.19
3488.50 4.21 1077.25 34.85
3504.87 4.16 1087.37 39.75
3521.00 4.15 1093.00 47.89
3537.50 4.21 1099.00 45.90
3553.87 4.16 1107.00 40.47
3570.00 4.15 1112.37 57.05
3586.50 4.21 1119.12 54.47
3602.87 4.16 1129.62 47.35
3619.00 4.15 1130.75 54.48
3635.50 4.21 1138.75 47.56
3651.87 4.16 1142.25 54.53
3668.00 4.15 1153.75 47.71
3684.50 4.21 1161.37 55.10
3700.87 4.16 1172.00 52.03
3717.00 4.15 1184.00 51.43
3733.12 4.26 1193.37 49.81
3749.87 4.16 1200.00 44.99
3766.00 4.15 1208.87 49.22
3782.12 4.26 1214.25 36.48
3798.87 4.16 1223.37 28.40
3815.00 4.15 1229.25 36.74
3831.12 4.26 1238.00 33.59
3847.50 4.21 1246.50 27.51
3864.00 4.15 1258.50 7.87
3880.12 4.26 1265.87 21.99
3896.50 4.21 1270.75 22.19
3913.00 4.15 1278.12 20.93
3929.12 4.26 1286.62 32.26
3945.50 4.21 1289.62 33.81
3962.00 4.28 1300.62 36.66
3978.25 4.38 1302.00 55.87
3994.62 4.33 1308.87 57.76
4011.62 4.34 1320.62 45.41
4028.12 4.26 1329.37 36.64
4044.12 4.26 1341.12 17.55
4060.87 4.16 1350.25 32.64
4077.12 4.26 1355.87 24.44
4093.50 4.21 1360.12 7.54
4109.87 4.16 1369.50 15.25
4126.12 4.26 1373.25 27.73
4142.50 4.21 1383.12 39.25
4158.87 4.16 1388.37 46.77
4175.12 4.26 1394.37 52.96
4191.50 4.21 1401.12 57.73
4207.50 4.21 1415.25 48.07
4224.00 4.28 1420.87 46.64
4240.50 4.21 1428.25 34.46
4256.50 4.21 1435.12 39.66
4273.00 4.28 1436.00 17.98
4289.50 4.21 1442.00 22.77
4305.50 4.21 1452.62 29.09
4322.00 4.28 1453.75 41.17
4338.50 4.21 1461.00 50.52
4354.50 4.21 1463.25 49.02
4371.00 4.28 1475.50 46.65
4387.12 4.26 1482.12 35.75
4403.50 4.21 1487.12 30.16
4420.00 4.28 1498.12 32.03
4436.12 4.26 1504.25 25.21
4452.50 4.21 1507.37 17.91
4469.00 4.28 1512.25 15.03
4485.12 4.26 1516.62 35.29
4501.50 4.21 1524.87 43.27
4517.87 4.16 1527.50 53.68
4534.12 4.26 1533.75 56.88
4550.50 4.21 1535.75 56.01
4566.87 4.16 1542.62 52.75
4583.12 4.26 1548.37 50.65
4599.50 4.21 1552.75 44.95
4615.87 4.16 1550.12 33.68
4632.12 4.26 1555.87 42.86
4648.50 4.21 1558.75 35.90
4664.50 4.21 1563.75 27.59
4681.00 4.28 1566.37 23.59
4697.50 4.21 1567.50 22.51
4713.50 4.21 1574.25 45.34
4730.00 4.28 1582.50 47.83
4746.50 4.21 1582.87 49.26
4762.50 4.21 1583.12 49.36
4779.00 4.28 1588.12 46.10
4795.50 4.21 1592.00 40.67
4811.50 4.21 1596.75 37.54
4828.00 4.28 1596.12 43.19
4844.12 4.26 1599.37 41.97
4860.50 4.21 1599.75 46.29
4877.00 4.28 1603.62 39.98
4893.12 4.26 1606.62 41.31
4909.50 4.21 1606.12 41.54
4926.00 4.28 1608.87 40.43
4942.12 4.26 1611.87 39.99
4958.62 4.33 1614.37 39.38
4975.12 4.40 1613.37 39.25
4991.25 4.38 1608.62 32.50
5008.62 4.33 1610.75 8.83
5025.00 4.28 1609.12 27.63
5041.62 4.33 1606.25 36.72
5058.00 4.28 1612.00 35.42
5074.50 4.21 1611.12 28.08
5090.87 4.16 1611.50 25.95
5107.12 4.26 1612.12 11.63
5123.50 4.21 1611.50 29.82
5139.87 4.16 1612.00 34.65
5156.12 4.26 1608.50 43.12
5172.50 4.21 1608.12 49.26
5188.87 4.16 1602.25 56.45
5205.12 4.26 1604.62 50.97
5221.50 4.21 1600.50 46.31
5237.50 4.21 1599.12 29.78
5254.00 4.28 1597.25 39.21
5270.50 4.21 1595.87 41.85
5286.50 4.21 1605.00 42.07
5303.00 4.28 1590.25 27.22
5319.50 4.21 1582.37 12.84
5335.50 4.21 1582.12 28.12
5352.00 4.28 1579.00 45.08
5368.50 4.21 1578.75 53.76
5384.50 4.21 1574.25 57.03
5401.00 4.28 1563.50 56.16
5417.12 4.26 1568.75 54.61
5433.50 4.21 1566.75 51.62
5450.00 4.28 1561.75 43.82
5466.12 4.26 1559.00 35.34
5482.50 4.21 1555.37 32.80
5499.00 4.28 1559.37 21.73
5515.12 4.26 1546.50 24.92
5531.50 4.21 1544.75 36.43
5547.87 4.16 1533.62 51.99
5564.12 4.26 1529.62 50.75
5580.50 4.21 1524.50 41.89
5596.87 4.16 1521.62 33.38
5613.12 4.26 1512.25 24.81
5629.50 4.21 1506.50 35.30
5645.87 4.16 1505.25 19.95
5662.12 4.26 1499.62 19.19
5678.50 4.21 1495.50 25.15
5694.50 4.21 1482.12 47.67
5711.00 4.28 1478.87 49.82
5727.50 4.21 1473.00 50.77
5743.50 4.21 1465.00 53.15
5760.00 4.28 1460.62 51.97
5776.50 4.21 1450.62 41.88
5792.50 4.21 1446.25 45.29
5809.00 4.28 1442.87 44.26
5825.50 4.21 1439.62 43.18
5841.50 4.21 1431.37 37.51
5858.00 4.28 1425.75 36.04
5874.12 4.26 1419.00 24.83
5890.50 4.21 1409.37 24.73
5907.00 4.28 1403.00 14.14
5923.12 4.26 1383.00 32.73
5939.50 4.21 1388.12 38.51
5956.12 4.40 1381.62 45.02
5972.25 4.38 1372.62 45.11
5988.75 4.44 1365.00 43.17
6006.00 4.28 1361.75 47.35
6022.62 4.33 1354.00 48.59
6039.00 4.28 1345.37 44.33
6055.12 4.26 1337.62 51.77
6072.00 4.28 1328.12 56.04
6088.12 4.26 1321.62 55.72
6104.50 4.21 1312.50 47.89
6120.87 4.16 1305.87 53.60
6137.12 4.26 1302.12 52.30
6153.50 4.21 1289.62 52.22
6169.87 4.16 1281.50 45.85
6186.12 4.26 1276.12 38.11
6202.50 4.21 1263.50 52.34
6218.87 4.16 1256.12 29.53
6235.12 4.26 1251.12 31.76
6251.50 4.21 1238.87 39.67
6267.50 4.21 1229.62 39.03
6284.00 4.28 1221.75 41.33
6300.50 4.21 1213.87 33.25
6316.50 4.21 1205.00 32.64
6333.00 4.28 1200.75 29.87
6349.50 4.21 1196.87 19.57
6365.50 4.21 1184.87 10.32
6382.00 4.28 1179.12 23.49
6398.50 4.21 1168.00 36.59
6414.50 4.21 1162.37 47.33
6431.00 4.28 1157.00 48.40
6447.12 4.26 1146.62 55.97
6463.50 4.21 1144.37 44.68
6480.00 4.28 1132.25 57.25
6496.12 4.26 1124.87 54.84
6512.50 4.21 1122.37 33.86
6529.00 4.28 1116.25 54.64
6545.12 4.26 1105.00 16.92
6561.50 4.21 1100.87 28.39
6577.87 4.16 1089.25 37.74
6594.12 4.26 1084.37 42.94
6610.50 4.21 1072.12 46.09
6626.87 4.16 1062.62 52.65
6643.12 4.26 1057.37 52.99
6659.50 4.21 1051.00 56.71
6675.87 4.16 1042.25 57.31
6692.12 4.26 1031.87 50.47
6708.50 4.21 1033.25 42.33
6724.50 4.21 1027.50 34.28
6741.00 4.28 1019.87 18.51
6757.50 4.21 1012.87 36.06
6773.50 4.21 1005.87 44.71
6790.00 4.28 999.62 53.79
6806.50 4.21 991.25 56.25
6822.50 4.21 983.50 56.81
6839.00 4.28 975.75 56.87
6855.50 4.21 971.87 57.37
6871.50 4.21 967.12 51.24
6888.00 4.28 959.87 43.26
6904.12 4.26 956.00 28.08
6920.50 4.21 952.00 17.07
6937.00 4.28 948.25 31.92
6953.25 4.38 941.12 41.85
6969.75 4.44 927.12 32.99
6986.12 4.40 925.25 54.06
7003.62 4.33 918.37 50.68
7020.00 4.28 918.37 54.67
7036.50 4.21 915.62 56.13
7053.00 4.28 915.12 55.30
7069.12 4.26 910.25 51.33
7085.50 4.21 905.12 40.79
7102.00 4.28 900.37 14.74
7118.12 4.26 895.87 13.31
7134.50 4.21 894.50 11.39
7150.87 4.16 884.37 20.27
7167.12 4.26 882.00 21.73
7183.50 4.21 881.00 33.07
7199.87 4.16 879.00 17.76
7216.12 4.26 872.87 8.71
7232.50 4.21 872.50 19.89
7248.87 4.16 871.37 33.87
7265.12 4.26 872.37 41.37
7281.50 4.21 865.87 39.18
7297.50 4.21 862.12 40.70
7314.00 4.28 855.00 47.32
7330.50 4.21 855.25 50.66
7346.50 4.21 852.37 45.57
7363.00 4.28 852.25 43.26
7379.50 4.21 848.12 40.33
7395.50 4.21 847.62 15.68
7412.00 4.28 850.50 20.50
7428.50 4.21 850.75 5.16
7444.50 4.21 849.12 23.43
7461.00 4.28 844.00 32.81
7477.12 4.26 846.00 39.07
7493.50 4.21 843.37 34.67
7510.00 4.28 844.12 24.53
7526.12 4.26 841.50 28.39
7542.50 4.21 842.25 34.56
7559.00 4.28 843.62 41.20
7575.12 4.26 844.25 44.97
7591.50 4.21 847.50 51.04
7607.87 4.16 850.87 53.73
7624.12 4.26 852.37 54.71
7640.50 4.21 853.62 55.99
7656.87 4.16 857.12 54.12
7673.12 4.26 853.25 54.02
7689.50 4.21 851.62 55.52
7705.87 4.16 850.75 45.32
7722.12 4.26 859.37 52.26
7738.50 4.21 857.62 36.80
7754.50 4.21 861.25 23.28
7771.00 4.28 866.00 29.68
7787.50 4.21 869.12 45.70
7803.50 4.21 870.50 49.14
7820.00 4.28 871.00 43.09
7836.50 4.21 876.37 41.43
7852.50 4.21 878.00 45.33
7869.00 4.28 878.25 53.71
7885.50 4.21 882.75 56.74
7901.50 4.21 885.00 50.99
7918.00 4.28 894.12 36.44
7934.12 4.26 897.50 17.08
7950.75 4.44 903.75 18.71
7967.12 4.40 912.25 27.60
7983.37 4.50 913.87 47.60
8000.62 4.33 915.87 51.99
8017.12 4.40 917.12 55.78
8033.62 4.33 914.12 55.61
8050.12 4.40 927.25 56.25
8066.50 4.34 933.50 54.49
8083.00 4.28 936.62 46.18
8099.12 4.40 943.37 35.49
8115.50 4.34 950.75 25.75
8132.00 4.28 955.37 40.18
8148.12 4.40 959.62 43.10
8164.50 4.34 965.62 49.21
8181.00 4.28 971.12 45.10
8197.00 4.28 978.87 45.61
8213.50 4.34 984.25 56.70
8230.00 4.28 991.62 48.08
8246.00 4.28 1002.25 57.38
8262.50 4.34 1006.62 56.66
8279.00 4.28 1013.37 49.36
8295.00 4.28 1019.75 42.57
8311.50 4.34 1028.25 5.18
8327.62 4.33 1034.25 23.93
8344.00 4.28 1039.12 18.90
8360.50 4.34 1047.62 33.38
8376.62 4.33 1050.50 32.73
8393.00 4.28 1058.25 7.99
8409.50 4.34 1063.00 19.36
8425.62 4.33 1069.75 23.95
8442.00 4.28 1082.62 22.57
8458.50 4.34 1084.25 31.73
8474.50 4.34 1092.75 31.36
8491.00 4.28 1102.50 51.47
8507.12 4.40 1109.62 54.84
8523.50 4.34 1112.00 57.20
8540.00 4.28 1121.12 52.82
8556.12 4.40 1129.37 56.16
8572.50 4.34 1132.12 49.98
8589.00 4.28 1142.62 39.09
8605.12 4.40 1154.87 41.74
8621.50 4.34 1164.37 33.83
8638.00 4.28 1171.50 48.36
8654.00 4.28 1182.12 38.84
8670.50 4.34 1192.37 56.28
8687.00 4.28 1199.37 57.67
8703.00 4.28 1206.25 53.44
8719.50 4.34 1210.12 47.41
8736.00 4.28 1220.12 46.98
8752.00 4.28 1225.87 49.56
8768.50 4.34 1231.62 15.65
8784.62 4.33 1243.37 22.32
8801.00 4.28 1250.00 0.90
8817.50 4.34 1256.25 10.07
8833.62 4.33 1273.12 30.72
8850.00 4.28 1275.00 30.48
8866.50 4.34 1283.00 31.54
8882.62 4.33 1287.62 40.91
8899.00 4.28 1294.62 43.71
8915.50 4.34 1310.00 35.89
8931.50 4.34 1315.00 49.32
8948.00 4.28 1311.37 52.36
8964.25 4.51 1326.75 44.75
8980.62 4.46 1337.12 31.43
8997.12 4.40 1345.12 34.00
9014.50 4.34 1354.87 29.82
9030.62 4.33 1363.00 41.25
9047.37 4.23 1368.37 24.33
9063.62 4.33 1370.50 22.91
9079.62 4.33 1376.37 22.98
9096.37 4.23 1387.12 29.35
9112.50 4.34 1396.25 55.20
9128.62 4.33 1401.75 54.71
9145.37 4.23 1407.75 53.56
9161.50 4.34 1417.87 41.62
9177.62 4.33 1424.12 25.26
9194.37 4.23 1426.12 22.89
9210.50 4.34 1432.00 14.13
9226.62 4.33 1437.50 29.49
9243.37 4.23 1443.75 35.69
9259.50 4.34 1452.12 35.16
9275.62 4.33 1462.12 44.39
9292.37 4.23 1463.37 55.12
9308.37 4.23 1475.87 46.77
9324.62 4.33 1483.12 39.27
9341.37 4.23 1491.00 34.73
9357.37 4.23 1495.62 14.22
9373.62 4.33 1503.87 11.40
9390.00 4.28 1514.62 28.57
9406.37 4.23 1513.87 16.28
9422.62 4.33 1518.87 35.48
9439.00 4.28 1521.50 32.57
9455.37 4.23 1526.50 42.18
9471.62 4.33 1530.12 49.96
9488.00 4.28 1535.00 57.27
9504.37 4.23 1545.00 37.70
9520.62 4.33 1547.12 51.23
9536.62 4.33 1550.25 32.86
9553.37 4.23 1552.00 20.74
9569.50 4.34 1555.12 16.30
9585.62 4.33 1554.75 11.28
9602.37 4.23 1560.00 15.21
9618.50 4.34 1565.87 18.75
9634.62 4.33 1570.12 20.79
9651.37 4.23 1573.87 0.57
9667.50 4.34 1573.50 37.12
9683.62 4.33 1582.50 41.48
9700.37 4.23 1584.87 49.62
9716.50 4.34 1588.50 52.00
9732.62 4.33 1588.75 52.68
9749.37 4.23 1599.12 43.04
9765.37 4.23 1599.50 43.15
9781.62 4.33 1601.00 43.17
9798.37 4.23 1601.37 45.88
9814.37 4.23 1604.62 45.30
9830.62 4.33 1603.87 37.87
9847.00 4.28 1605.62 41.44
9863.37 4.23 1606.12 41.15
9879.62 4.33 1608.75 42.57
9896.00 4.28 1609.25 46.06
9912.37 4.23 1610.87 47.56
9928.62 4.33 1613.87 48.90
9945.00 4.28 1613.87 45.87
9961.50 4.34 1610.37 37.26
9977.75 4.44 1608.50 27.00
9993.75 4.44 1606.62 17.40
10011.00 4.28 1607.37 13.55
10027.62 4.33 1613.25 27.21
10044.00 4.28 1609.62 30.34
10060.50 4.21 1607.50 7.25
10076.62 4.33 1607.62 16.20
10093.00 4.28 1609.25 46.91
10109.37 4.23 1613.62 47.38
10125.62 4.33 1608.62 54.76
10142.00 4.28 1609.00 53.35
10158.37 4.23 1603.12 53.40
10174.62 4.33 1596.50 51.35
10191.00 4.28 1597.37 43.67
10207.37 4.23 1594.87 33.72
10223.62 4.33 1590.87 25.26
10240.00 4.28 1588.12 28.56
10256.37 4.23 1589.50 28.08
10272.62 4.33 1586.62 20.45
10289.00 4.28 1585.50 8.10
10305.37 4.23 1577.75 37.03
10321.62 4.33 1574.12 48.33
10338.00 4.28 1574.62 53.45
10354.00 4.28 1572.37 53.11
10370.62 4.33 1563.50 50.04
10387.00 4.28 1564.00 39.52
10403.00 4.28 1560.62 43.88
10419.50 4.21 1556.62 40.96
10435.62 4.33 1551.12 20.85
10452.00 4.28 1549.50 16.08
10468.50 4.21 1548.00 42.47
10484.62 4.33 1545.75 50.95
10501.00 4.28 1538.37 53.48
10517.50 4.21 1528.62 55.54
10533.62 4.33 1522.12 47.51
10550.00 4.28 1516.50 34.96
10566.37 4.23 1508.62 21.91
10582.62 4.33 1504.62 12.13
10599.00 4.28 1497.00 17.01
10615.37 4.23 1492.50 20.28
10631.62 4.33 1489.37 24.71
10648.00 4.28 1483.75 36.19
10664.37 4.23 1475.75 47.45
10680.62 4.33 1470.87 51.28
10697.00 4.28 1462.62 45.81
10713.37 4.23 1457.75 47.71
10729.62 4.33 1452.00 42.59
10746.00 4.28 1438.87 39.56
10762.37 4.23 1438.37 36.90
10778.62 4.33 1438.37 27.18
10795.00 4.28 1427.50 32.32
10811.00 4.28 1419.62 20.18
10827.62 4.33 1414.12 26.32
10844.00 4.28 1408.62 19.37
10860.00 4.28 1400.25 10.89
10876.50 4.21 1392.12 21.07
10892.62 4.33 1384.12 30.48
10909.00 4.28 1374.87 38.69
10925.50 4.21 1371.50 51.73
10941.62 4.33 1359.75 52.64
10958.12 4.40 1354.87 48.15
10974.75 4.44 1346.87 47.74
10990.75 4.44 1342.87 51.83
11008.12 4.40 1332.75 52.32
11025.00 4.28 1325.12 53.56
11041.00 4.28 1315.00 53.56
11057.62 4.33 1311.75 51.67
11074.00 4.28 1296.87 56.40
11090.50 4.21 1288.25 40.94
11106.62 4.33 1288.00 56.56
11123.00 4.28 1279.62 50.40
11139.37 4.23 1271.25 51.36
11155.62 4.33 1263.62 32.04
11172.00 4.28 1256.87 40.24
11188.37 4.23 1248.00 31.73
11204.62 4.33 1236.37 42.32
11221.00 4.28 1228.25 26.44
11237.37 4.23 1216.50 32.67
11253.62 4.33 1204.37 47.54
11270.00 4.28 1203.62 31.07
11286.37 4.23 1196.75 20.90
11302.62 4.33 1186.75 9.89
11319.00 4.28 1178.87 21.88
11335.37 4.23 1175.87 32.58
11351.62 4.33 1170.37 38.29
11368.00 4.28 1156.37 45.54
11384.00 4.28 1151.37 55.56
11400.62 4.33 1144.50 56.18
11417.00 4.28 1136.12 52.70
11433.00 4.28 1126.00 49.45
11449.50 4.21 1116.75 48.15
11465.62 4.33 1113.50 47.98
11482.00 4.28 1107.00 37.63
11498.50 4.21 1102.12 29.71
11514.62 4.33 1093.12 17.31
11531.00 4.28 1089.12 35.25
11547.50 4.21 1079.87 47.62
11563.62 4.33 1073.62 54.74
11580.00 4.28 1063.37 56.03
11596.37 4.23 1058.75 53.52
11612.62 4.33 1049.37 47.34
11629.00 4.28 1041.50 44.85
11645.37 4.23 1034.25 37.71
11661.62 4.33 1028.25 33.97
11678.00 4.28 1019.50 32.53
11694.37 4.23 1016.87 8.07
11710.62 4.33 1009.62 31.26
11727.00 4.28 1003.00 38.95
11743.37 4.23 989.25 49.45
11759.62 4.33 987.50 57.87
11776.00 4.28 981.25 50.17
11792.37 4.23 977.50 44.96
11808.62 4.33 964.50 43.98
11825.00 4.28 961.37 48.06
11841.00 4.28 959.75 36.42
11857.62 4.33 953.62 35.33
11874.00 4.28 948.00 16.50
11890.00 4.28 944.37 31.00
11906.50 4.21 939.87 47.43
11922.62 4.33 936.50 55.16
11939.00 4.28 928.62 56.73
11955.75 4.44 922.12 56.28
11971.75 4.44 914.50 47.67
11988.25 4.51 911.87 44.04
12005.62 4.33 912.37 42.00
12022.00 4.28 902.75 52.96
12038.62 4.33 902.50 44.97
12055.00 4.28 900.00 43.61
12071.50 4.21 890.25 27.36
12087.62 4.33 888.25 23.21
12104.00 4.28 885.50 27.34
12120.50 4.21 880.87 27.76
12136.62 4.33 879.75 3.95
12153.00 4.28 874.37 6.02
12169.37 4.23 869.50 26.08
12185.62 4.33 871.37 12.07
12202.00 4.28 865.75 24.60
12218.37 4.23 865.75 28.88
12234.62 4.33 865.25 36.89
12251.00 4.28 863.00 44.27
12267.37 4.23 861.50 41.22
12283.62 4.33 852.87 45.70
12300.00 4.28 851.75 49.93
12316.37 4.23 852.00 49.59
12332.62 4.33 852.12 49.11
12349.00 4.28 845.87 44.23
12365.37 4.23 844.87 28.41
12381.62 4.33 844.25 21.79
12398.00 4.28 845.62 18.10
12414.00 4.28 850.37 12.01
12430.62 4.33 839.00 44.50
12447.00 4.28 842.12 19.50
12463.00 4.28 845.12 34.41
12479.50 4.21 847.62 11.28
12495.62 4.33 838.62 26.21
12512.00 4.28 841.12 29.87
12528.50 4.21 843.50 44.36
12544.62 4.33 849.37 52.13
12561.00 4.28 849.00 57.28
12577.50 4.21 848.75 57.86
12593.62 4.33 854.12 57.37
12610.00 4.28 855.37 54.87
12626.37 4.23 854.37 52.64
12642.62 4.33 855.25 47.32
12659.00 4.28 856.50 48.50
12675.37 4.23 857.50 42.44
12691.62 4.33 862.25 45.16
12708.00 4.28 861.87 29.90
12724.37 4.23 865.25 13.85
12740.62 4.33 868.00 31.96
12757.00 4.28 875.12 43.58
12773.37 4.23 878.00 53.31
12789.62 4.33 882.37 54.15
12806.00 4.28 873.25 50.08
12822.37 4.23 882.87 56.50
12838.62 4.33 885.75 57.34
12855.00 4.28 891.62 48.30
12871.00 4.28 893.12 37.41
12887.62 4.33 896.37 17.34
12904.00 4.28 903.37 34.97
12920.00 4.28 909.75 39.68
12936.50 4.21 912.62 53.63
12952.75 4.44 919.87 50.86
12969.25 4.51 925.87 56.90
12985.75 4.44 927.37 55.44
13003.12 4.40 930.75 45.37
13019.62 4.33 936.00 52.04
13036.00 4.28 939.00 46.01
13052.12 4.26 946.37 34.27
13068.62 4.33 949.87 25.67
13085.00 4.28 958.00 24.23
13101.50 4.21 969.12 41.75
13117.62 4.33 977.25 50.80
13134.00 4.28 979.12 51.59
13150.50 4.21 985.62 54.70
13166.62 4.33 992.50 56.41
13183.00 4.28 998.37 52.31
13199.37 4.23 999.12 53.85
13215.62 4.33 1007.50 46.73
13232.00 4.28 1015.25 27.09
13248.37 4.23 1025.00 30.26
13264.62 4.33 1030.87 29.06
13281.00 4.28 1037.25 10.09
13297.37 4.23 1046.87 19.30
13313.62 4.33 1052.87 31.81
13330.00 4.28 1060.37 27.16
13346.37 4.23 1065.62 29.76
13362.62 4.33 1070.25 36.89
13379.00 4.28 1075.75 24.99
13395.37 4.23 1081.62 30.33
13411.62 4.33 1089.12 37.18
13428.00 4.28 1099.25 33.89
13444.00 4.28 1104.87 37.20
13460.62 4.33 1115.62 44.50
13477.00 4.28 1126.62 53.02
13493.00 4.28 1133.25 57.01
13509.50 4.21 1134.75 53.31
13525.62 4.33 1144.75 56.73
13542.00 4.28 1155.12 55.01
13558.50 4.21 1159.62 50.55
13574.62 4.33 1163.37 50.19
13591.00 4.28 1176.12 44.32
13607.50 4.21 1185.00 45.44
13623.62 4.33 1190.25 38.00
13640.00 4.28 1202.12 47.18
13656.37 4.23 1211.00 50.27
13672.62 4.33 1219.12 50.53
13689.00 4.28 1226.50 49.49
13705.37 4.23 1234.12 51.45
13721.62 4.33 1248.00 13.98
13738.00 4.28 1244.50 36.46
13754.37 4.23 1253.62 13.63
13770.62 4.33 1261.62 16.90
13787.00 4.28 1273.12 38.73
13803.37 4.23 1278.75 44.67
13819.62 4.33 1287.37 57.81
13836.00 4.28 1297.87 52.35
13852.37 4.23 1304.00 41.49
13868.62 4.33 1311.12 46.19
13885.00 4.28 1316.12 55.74
13901.00 4.28 1326.37 55.62
13917.62 4.33 1339.12 46.13
13934.00 4.28 1338.37 42.95
13950.25 4.51 1345.00 26.19
13966.87 4.56 1359.87 17.79
13982.87 4.56 1365.75 15.14
14000.62 4.33 1373.37 9.84
14016.75 4.44 1380.12 11.42
14033.62 4.33 1382.75 27.66
14049.62 4.33 1390.75 36.55
14065.87 4.43 1391.25 45.42
14082.62 4.33 1396.62 51.13
14098.75 4.31 1407.62 54.85
14114.75 4.31 1420.62 27.13
14131.62 4.33 1428.37 23.68
14147.75 4.31 1437.50 14.38
14163.75 4.31 1444.25 34.99
14180.62 4.33 1451.00 38.15
14196.75 4.31 1456.37 33.14
14212.75 4.31 1456.62 38.83
14229.25 4.38 1467.37 43.98
14245.62 4.33 1472.50 42.06
14261.75 4.31 1475.75 54.10
14278.25 4.38 1479.87 41.51
14294.62 4.33 1489.12 18.41
14310.75 4.31 1499.00 8.66
14327.25 4.38 1504.12 20.61
14343.62 4.33 1512.00 32.16
14359.75 4.31 1520.25 33.81
14376.25 4.38 1514.50 21.08
14392.62 4.33 1523.87 35.33
14408.75 4.31 1526.12 45.65
14425.25 4.38 1530.00 47.83
14441.62 4.33 1532.50 56.68
14457.75 4.31 1538.37 54.44
14473.87 4.43 1544.75 45.97
14490.62 4.33 1552.00 40.35
14506.75 4.31 1559.50 29.36
14522.87 4.43 1563.50 20.60
14539.62 4.33 1565.12 27.30
14555.75 4.31 1571.37 15.15
14571.75 4.31 1571.25 18.19
14588.62 4.33 1571.50 7.69
14604.75 4.31 1575.50 12.25
14620.75 4.31 1581.75 12.22
14637.62 4.33 1576.87 33.90
14653.75 4.31 1584.12 42.87
14669.75 4.31 1584.50 53.79
14686.25 4.38 1594.00 51.79
14702.62 4.33 1594.37 57.00
14718.75 4.31 1602.12 47.73
14735.25 4.38 1604.12 45.87
14751.62 4.33 1602.00 43.25
14767.75 4.31 1603.87 43.50
14784.25 4.38 1605.37 36.71
14800.62 4.33 1600.25 34.89
14816.75 4.31 1600.75 34.12
14833.25 4.38 1604.12 34.12
14849.62 4.33 1611.37 34.04
14865.75 4.31 1611.75 32.64
14882.25 4.38 1612.00 38.66
14898.62 4.33 1614.62 44.60
14914.75 4.31 1607.50 42.36
14930.87 4.43 1612.00 41.59
14947.62 4.33 1607.87 30.37
14964.00 4.54 1605.37 18.05
14980.00 4.54 1607.12 20.92
14996.75 4.44 1608.87 23.97
15013.87 4.43 1611.25 20.08
15030.25 4.38 1611.37 26.98
15046.62 4.33 1610.25 31.84
15062.87 4.43 1610.00 47.15
15079.62 4.33 1606.87 46.65
15095.62 4.33 1598.75 53.57
15111.87 4.43 1599.12 57.38
15128.25 4.38 1594.87 49.08
15144.62 4.33 1587.87 27.15
15160.87 4.43 1590.37 26.62
15177.25 4.38 1588.00 21.07
15193.62 4.33 1591.00 27.97
15209.75 4.31 1592.00 36.00
15226.25 4.38 1581.62 33.36
15242.62 4.33 1584.87 21.04
15258.75 4.31 1580.75 33.90
15275.25 4.38 1575.50 48.56
15291.62 4.33 1567.12 55.18
15307.75 4.31 1567.00 52.12
15324.25 4.38 1561.87 35.30
15340.62 4.33 1560.25 36.39
15356.62 4.33 1556.75 8.90
15373.25 4.38 1553.75 30.31
15389.62 4.33 1550.75 18.53
15405.62 4.33 1546.00 24.27
15421.87 4.43 1543.37 39.68
15438.62 4.33 1537.37 45.44
15454.62 4.33 1529.62 53.24
15470.87 4.43 1525.12 57.86
15487.62 4.33 1517.87 49.76
15503.62 4.33 1509.12 38.85
15519.87 4.43 1502.50 28.58
15536.62 4.33 1499.50 18.22
15552.62 4.33 1494.75 33.83
15568.87 4.43 1491.25 39.61
15585.25 4.38 1484.12 36.79
15601.62 4.33 1480.12 40.38
15617.87 4.43 1474.62 55.40
15634.25 4.38 1463.37 56.79
15650.62 4.33 1459.37 49.09
15666.75 4.31 1447.00 57.85
15683.25 4.38 1447.75 34.67
15699.62 4.33 1441.87 36.26
15715.75 4.31 1428.87 39.47
15732.25 4.38 1427.00 25.32
15748.62 4.33 1420.75 37.31
15764.75 4.31 1417.50 31.41
15781.25 4.38 1409.37 19.33
15797.62 4.33 1404.50 6.69
15813.62 4.33 1391.87 22.27
15830.25 4.38 1385.50 14.74
15846.62 4.33 1378.00 26.20
15862.62 4.33 1371.62 38.14
15878.87 4.43 1359.25 42.29
15895.62 4.33 1355.37 45.22
15911.62 4.33 1346.62 50.60
15927.87 4.43 1343.12 50.65
15944.62 4.33 1335.25 51.33
15960.75 4.44 1331.50 47.57
15977.00 4.54 1323.00 50.61
15993.75 4.44 1318.00 46.83
16010.75 4.44 1304.75 57.83
16027.25 4.38 1299.87 51.74
16043.75 4.44 1286.12 51.91
16059.75 4.44 1275.12 53.58
16076.25 4.38 1271.75 46.05
16092.75 4.44 1263.50 46.23
16109.12 4.40 1257.37 42.79
16125.25 4.38 1248.25 39.00
16141.62 4.33 1242.12 23.76
16158.12 4.40 1234.50 17.97
16174.25 4.38 1224.87 22.53
16190.62 4.33 1212.87 20.12
16207.12 4.40 1207.50 22.62
16223.25 4.38 1196.75 20.51
16239.62 4.33 1181.37 13.82
16256.12 4.40 1182.50 25.43
16272.25 4.38 1176.12 30.14
16288.25 4.38 1167.12 39.31
16305.12 4.40 1164.37 43.29
16321.25 4.38 1157.25 48.26
16337.25 4.38 1149.62 53.57
16354.12 4.40 1137.25 57.87
16370.25 4.38 1129.87 57.34
16386.25 4.38 1128.00 40.62
16403.12 4.40 1115.62 39.88
16419.25 4.38 1104.00 33.86
16435.25 4.38 1099.62 35.46
16451.75 4.44 1095.50 24.81
16468.12 4.40 1089.37 14.66
16484.25 4.38 1083.50 29.45
16500.75 4.44 1075.87 40.24
16517.12 4.40 1068.62 52.43
16533.25 4.38 1063.00 57.77
16549.75 4.44 1054.75 54.69
16566.12 4.40 1046.87 50.10
16582.25 4.38 1035.75 38.06
16598.62 4.33 1029.25 30.10
16615.12 4.40 1023.00 18.83
16631.25 4.38 1018.00 7.43
16647.62 4.33 1010.62 39.30
16664.12 4.40 1004.00 27.73
16680.25 4.38 1001.87 37.94
16696.62 4.33 997.37 50.43
16713.12 4.40 985.25 52.85
16729.25 4.38 975.12 53.70
16745.25 4.38 968.00 29.75
16762.12 4.40 965.00 36.49
16778.25 4.38 955.37 22.42
16794.25 4.38 950.62 29.06
16811.12 4.40 949.50 24.63
16827.25 4.38 945.50 16.79
16843.25 4.38 940.12 23.96
16860.12 4.40 936.75 37.07
16876.25 4.38 931.37 52.04
16892.25 4.38 928.75 57.75
16908.75 4.44 923.37 50.19
16925.12 4.40 918.75 52.59
16941.25 4.38 918.12 39.15
16957.87 4.56 902.25 37.26
16974.25 4.51 900.37 27.44
16990.50 4.61 900.00 18.04
17008.12 4.40 896.87 39.70
17024.37 4.50 893.50 40.81
17041.12 4.40 887.87 30.75
17057.25 4.38 881.12 22.26
17073.75 4.44 878.62 28.66
17090.12 4.40 876.62 33.63
17106.25 4.38 873.12 34.13
17122.75 4.44 868.75 34.19
17139.12 4.40 868.75 15.82
17155.25 4.38 867.00 15.82
17171.62 4.33 860.62 32.45
17188.12 4.40 862.25 35.33
17204.25 4.38 862.12 36.01
17220.62 4.33 858.00 45.42
17237.12 4.40 858.62 40.75
17253.25 4.38 856.00 39.27
17269.62 4.33 853.25 35.83
17286.12 4.40 845.62 46.93
17302.25 4.38 845.37 39.51
17318.25 4.38 845.12 43.76
17335.12 4.40 845.00 43.03
17351.25 4.38 842.75 21.56
17367.25 4.38 845.87 12.25
17384.12 4.40 846.37 21.06
17400.25 4.38 846.12 25.77
17416.25 4.38 842.62 19.77
17433.12 4.40 842.75 8.46
17449.25 4.38 842.62 18.44
17465.25 4.38 846.00 27.77
17481.75 4.44 843.62 39.63
17498.12 4.40 844.62 51.39
17514.25 4.38 844.75 57.74
17530.75 4.44 855.25 43.59
17547.12 4.40 850.00 52.40
17563.25 4.38 855.25 55.07
17579.75 4.44 859.37 46.98
17596.12 4.40 858.87 39.10
17612.25 4.38 859.87 36.76
17628.62 4.33 862.37 26.82
17645.12 4.40 860.50 24.69
17661.25 4.38 866.00 21.48
17677.62 4.33 866.37 18.37
17694.12 4.40 871.25 16.53
17710.25 4.38 872.37 35.27
17726.62 4.33 875.37 48.63
17743.12 4.40 883.25 55.25
17759.25 4.38 887.50 52.85
17775.25 4.38 879.75 42.14
17792.12 4.40 887.62 42.71
17808.25 4.38 891.50 40.61
17824.25 4.38 900.12 31.93
17841.12 4.40 900.75 4.60
17857.25 4.38 900.12 27.09
17873.25 4.38 908.12 45.83
17890.12 4.40 915.00 46.26
17906.25 4.38 919.00 54.88
17922.25 4.38 929.75 54.74
17938.75 4.44 931.00 50.03
17955.25 4.51 932.00 34.26
17971.37 4.50 941.62 26.32
17987.87 4.56 948.00 21.81
18005.25 4.38 950.62 30.25
18021.37 4.50 957.87 23.77
18038.25 4.38 963.62 23.39
18054.37 4.50 966.62 35.98
18071.12 4.40 977.37 48.53
18087.25 4.38 983.00 55.91
18103.75 4.44 985.00 49.44
18120.12 4.40 987.87 49.90
18136.25 4.38 999.12 54.21
18152.75 4.44 1006.37 48.69
18169.12 4.40 1012.87 41.37
18185.25 4.38 1012.75 32.17
18201.62 4.33 1024.25 20.48
18218.12 4.40 1033.37 17.06
18234.25 4.38 1042.87 25.38
18250.62 4.33 1049.62 14.90
18267.12 4.40 1053.37 30.55
18283.25 4.38 1061.75 23.44
18299.62 4.33 1069.12 24.72
18316.12 4.40 1071.62 35.64
18332.25 4.38 1082.12 36.10
18348.25 4.38 1086.00 35.14
18365.12 4.40 1094.87 29.93
18381.25 4.38 1101.50 36.72
18397.25 4.38 1108.00 49.44
18414.12 4.40 1116.62 52.51
18430.25 4.38 1127.00 52.92
18446.25 4.38 1134.12 57.59
18463.12 4.40 1143.62 55.07
18479.25 4.38 1148.25 47.69
18495.25 4.38 1152.12 50.14
18511.75 4.44 1163.87 54.04
18528.12 4.40 1173.00 52.45
18544.25 4.38 1177.37 46.93
18560.75 4.44 1183.00 41.11
18577.12 4.40 1195.62 44.23
18593.25 4.38 1207.50 38.74
18609.75 4.44 1215.87 34.77
18626.12 4.40 1225.87 35.95
18642.25 4.38 1231.25 39.75
18658.62 4.33 1237.62 31.04
18675.12 4.40 1244.62 26.71
18691.25 4.38 1252.75 11.80
18707.62 4.33 1259.25 18.47
18724.12 4.40 1269.00 26.87
18740.25 4.38 1273.87 36.48
18756.62 4.33 1280.00 46.32
18773.12 4.40 1295.37 34.85
18789.25 4.38 1298.00 51.67
18805.25 4.38 1309.87 53.16
18822.12 4.40 1321.00 54.31
18838.25 4.38 1323.50 55.03
18854.25 4.38 1327.12 52.16
18871.12 4.40 1335.37 44.38
18887.25 4.38 1344.37 38.91
18903.25 4.38 1350.25 33.86
18920.12 4.40 1358.62 26.59
18936.25 4.38 1363.00 22.84
18952.37 4.50 1375.12 40.25
18968.87 4.56 1382.87 44.68
18985.25 4.51 1391.50 55.91
19002.37 4.50 1391.75 46.47
19019.25 4.38 1400.75 56.29
19035.37 4.50 1410.12 57.34
19052.25 4.38 1413.50 56.87
19068.25 4.38 1415.37 24.72
19084.75 4.44 1428.37 39.68
19101.12 4.40 1440.50 24.43
19117.25 4.38 1442.00 25.99
19133.75 4.44 1453.87 36.24
19150.12 4.40 1461.00 49.72
19166.25 4.38 1466.37 52.91
19182.75 4.44 1469.12 48.60
19199.12 4.40 1476.50 56.04
19215.25 4.38 1481.50 53.56
19231.62 4.33 1487.00 55.48
19248.12 4.40 1489.62 44.71
19264.25 4.38 1497.50 27.35
19280.62 4.33 1506.37 28.28
19297.12 4.40 1509.62 44.01
19313.25 4.38 1514.12 42.77
19329.62 4.33 1523.62 57.61
19346.12 4.40 1528.50 55.80
19362.25 4.38 1532.50 55.00
19378.25 4.38 1535.37 56.06
19395.12 4.40 1541.50 50.41
19411.25 4.38 1542.87 56.16
19427.25 4.38 1549.62 52.55
19444.12 4.40 1553.62 52.10
19460.25 4.38 1557.75 36.84
19476.25 4.38 1559.62 24.28
19493.12 4.40 1565.12 18.52
19509.25 4.38 1573.37 36.06
19525.25 4.38 1575.50 37.32
19541.75 4.44 1575.12 35.14
19558.12 4.40 1576.87 30.04
19574.25 4.38 1576.87 28.02
19590.75 4.44 1583.37 13.88
19607.12 4.40 1582.75 18.02
19623.25 4.38 1582.50 36.57
19639.75 4.44 1592.00 47.70
19656.12 4.40 1594.50 55.65
19672.25 4.38 1594.50 56.16
19688.62 4.33 1602.50 53.15
19705.12 4.40 1605.62 54.87
19721.25 4.38 1607.12 52.90
19737.62 4.33 1604.50 45.71
19754.12 4.40 1606.75 43.15
19770.25 4.38 1610.00 36.29
19786.62 4.33 1608.00 12.88
19803.12 4.40 1607.25 18.15
19819.25 4.38 1612.12 15.02
19835.25 4.38 1613.50 29.83
19852.12 4.40 1610.87 36.33
19868.25 4.38 1614.25 43.90
19884.25 4.38 1613.62 38.78
19901.12 4.40 1615.50 32.96
19917.25 4.38 1609.37 14.37
19933.25 4.38 1610.50 21.51
19950.25 4.51 1607.62 36.14
19966.37 4.50 1605.00 44.77
19982.37 4.50 1605.00 45.34
20000.25 4.38 1604.12 36.28
20016.75 4.32 1607.00 42.86
20033.12 4.26 1609.00 48.22
20049.25 4.38 1603.25 53.48
20066.12 4.26 1600.00 51.09
20082.12 4.26 1602.25 38.39
20098.25 4.38 1595.50 34.04
20115.12 4.26 1593.75 6.64
20131.12 4.26 1588.75 26.37
20147.25 4.38 1587.62 29.72
20164.00 4.28 1581.37 35.48
20180.12 4.26 1579.62 40.38
20196.25 4.38 1581.12 35.69
20213.00 4.28 1576.75 38.88
20229.12 4.26 1573.50 50.44
20245.25 4.38 1570.25 56.95
20262.00 4.28 1567.50 49.78
20278.12 4.26 1561.25 35.57
20294.25 4.38 1556.75 22.00
20311.00 4.28 1550.87 8.87
20327.12 4.26 1546.50 7.93
20343.25 4.38 1544.50 36.23
20360.00 4.28 1538.37 41.94
20376.12 4.26 1532.25 47.10
20392.12 4.26 1531.25 54.38
20408.62 4.34 1531.87 54.49
20425.12 4.26 1522.87 46.59
20441.12 4.26 1519.25 42.02
20457.25 4.38 1513.50 30.70
20474.12 4.26 1502.25 12.65
20490.12 4.26 1498.87 29.04
20506.25 4.38 1493.37 44.77
20523.12 4.26 1485.87 51.02
20539.12 4.26 1478.25 46.53
20555.25 4.38 1472.12 48.02
20572.12 4.26 1472.87 55.73
20588.12 4.26 1465.00 55.82
20604.25 4.38 1457.87 53.28
20621.00 4.28 1448.37 46.11
20637.12 4.26 1443.00 47.94
20653.25 4.38 1434.25 43.36
20670.00 4.28 1425.62 22.67
20686.12 4.26 1416.50 32.66
20702.25 4.38 1409.75 22.91
20719.00 4.28 1406.25 23.52
20735.12 4.26 1401.00 22.73
20751.25 4.38 1394.00 30.76
20768.00 4.28 1387.75 32.53
20784.12 4.26 1385.50 38.95
20800.25 4.38 1376.75 33.24
20817.00 4.28 1369.25 37.94
20833.12 4.26 1362.25 46.80
20849.12 4.26 1352.12 53.63
20865.62 4.34 1345.62 55.52
20882.12 4.26 1339.25 57.91
20898.12 4.26 1329.87 57.88
20914.25 4.38 1323.87 55.84
20931.12 4.26 1321.12 51.84
20947.12 4.26 1313.62 53.64
20963.25 4.38 1303.87 49.13
20980.12 4.26 1295.62 47.92
20996.25 4.38 1278.50 38.80
21014.00 4.15 1270.87 46.37
21030.12 4.26 1261.12 44.41
21046.50 4.21 1253.75 55.54
21063.00 4.15 1248.50 53.41
21079.12 4.26 1238.62 51.69
21095.12 4.26 1231.00 51.08
21111.62 4.19 1226.25 35.60
21128.12 4.26 1220.00 28.24
21144.12 4.26 1210.12 25.78
21160.62 4.19 1204.75 19.71
21177.12 4.26 1196.00 14.39
21193.12 4.26 1190.87 17.21
21209.62 4.19 1182.50 10.75
21226.00 4.15 1174.00 25.91
21242.12 4.26 1165.87 33.55
21258.50 4.21 1160.00 51.73
21275.00 4.15 1152.75 55.79
21291.12 4.26 1142.87 56.69
21307.50 4.21 1135.75 52.22
21324.00 4.15 1122.50 41.99
21340.12 4.26 1116.00 34.32
21356.50 4.21 1110.62 1.83
21373.00 4.15 1101.37 12.43
21389.12 4.26 1091.75 15.18
21405.50 4.21 1084.25 3.66
21422.00 4.15 1080.37 22.37
21438.12 4.26 1075.37 26.55
21454.50 4.21 1071.00 41.63
21471.00 4.15 1062.00 48.15
21487.12 4.26 1054.87 56.92
21503.50 4.21 1049.75 50.47
21520.00 4.15 1041.62 38.45
21536.12 4.26 1034.37 38.03
21552.12 4.26 1026.62 30.35
21568.62 4.19 1021.87 19.33
21585.12 4.26 1014.12 15.33
21601.12 4.26 1006.75 28.90
21617.62 4.19 1001.37 44.64
21634.12 4.26 995.00 55.39
21650.12 4.26 987.87 57.36
21666.62 4.19 980.50 52.23
21683.00 4.15 973.50 48.34
21699.12 4.26 961.50 32.36
21715.50 4.21 958.25 14.49
21732.00 4.15 955.75 19.68
21748.12 4.26 950.00 31.90
21764.50 4.21 943.25 31.07
21781.00 4.15 939.87 24.44
21797.12 4.26 936.25 32.33
21813.50 4.21 932.75 36.67
21830.00 4.15 926.62 44.96
21846.12 4.26 921.25 57.37
21862.50 4.21 918.62 50.02
21879.00 4.15 915.75 44.95
21895.12 4.26 911.12 39.66
21911.50 4.21 906.87 31.20
21928.00 4.15 900.00 36.59
21944.12 4.26 896.37 25.50
21960.62 4.33 895.62 26.54
21977.25 4.38 888.37 5.07
21993.25 4.38 887.12 13.60
22010.62 4.33 882.87 24.08
22027.12 4.26 878.00 35.76
22043.50 4.21 872.75 43.20
22060.12 4.26 870.37 46.16
22076.50 4.21 867.75 49.44
22092.62 4.19 863.37 41.87
22108.75 4.31 863.75 27.44
22125.12 4.26 863.37 24.53
22141.62 4.19 863.25 20.92
22157.75 4.31 856.87 31.94
22174.12 4.26 858.75 36.43
22190.50 4.21 854.75 33.37
22206.75 4.31 854.50 39.94
22223.12 4.26 850.87 45.88
22239.50 4.21 845.87 40.51
22255.62 4.19 843.12 43.88
22272.12 4.26 844.37 45.29
22288.50 4.21 836.12 57.51
22304.62 4.19 843.50 34.07
22321.12 4.26 846.37 27.82
22337.50 4.21 850.25 16.93
22353.62 4.19 847.62 25.37
22370.12 4.26 846.75 34.28
22386.50 4.21 844.12 31.45
22402.62 4.19 843.62 25.98
22419.12 4.26 845.37 27.74
22435.50 4.21 851.62 22.35
22451.62 4.19 846.12 40.04
22468.12 4.26 843.12 50.47
22484.50 4.21 843.12 51.95
22500.62 4.19 853.12 45.28
22517.12 4.26 857.00 44.41
22533.50 4.21 856.62 36.33
22549.62 4.19 858.87 28.52
22565.75 4.31 866.25 36.74
22582.12 4.26 862.87 14.05
22598.62 4.19 871.00 15.31
22614.75 4.31 863.12 7.76
22631.12 4.26 867.62 23.23
22647.50 4.21 873.25 21.69
22663.75 4.31 879.12 38.57
22680.12 4.26 880.00 44.89
22696.50 4.21 884.00 57.39
22712.62 4.19 890.62 43.11
22729.12 4.26 891.75 37.66
22745.50 4.21 894.37 30.76
22761.62 4.19 895.37 36.30
22778.12 4.26 898.00 20.19
22794.50 4.21 903.50 23.02
22810.62 4.19 909.12 23.17
22827.12 4.26 910.62 37.92
22843.50 4.21 914.87 51.39
22859.62 4.19 923.25 54.53
22876.12 4.26 926.87 48.47
22892.50 4.21 933.12 46.61
22908.62 4.19 938.87 34.87
22925.12 4.26 946.62 24.78
22941.50 4.21 955.50 20.38
22957.75 4.31 956.37 27.96
22974.25 4.38 960.25 32.65
22990.62 4.33 960.00 38.29
23007.75 4.31 970.75 34.95
23024.12 4.26 975.87 48.63
23040.75 4.31 987.62 54.02
23057.12 4.26 994.62 54.23
23073.62 4.19 996.37 45.43
23090.12 4.26 1004.75 48.59
23106.50 4.21 1011.12 51.08
23122.62 4.19 1011.62 26.35
23138.75 4.31 1025.37 40.34
23155.12 4.26 1028.00 38.58
23171.62 4.19 1035.37 31.12
23187.75 4.31 1044.37 14.65
23204.12 4.26 1048.50 11.32
23220.50 4.21 1058.00 20.14
23236.75 4.31 1068.25 34.32
23253.12 4.26 1075.75 40.20
23269.50 4.21 1082.25 42.33
23285.62 4.19 1086.12 48.94
23302.12 4.26 1094.00 46.18
23318.50 4.21 1087.87 48.17
23334.62 4.19 1108.37 51.65
23351.12 4.26 1111.87 43.90
23367.50 4.21 1117.62 48.83
23383.62 4.19 1124.87 48.93
23400.12 4.26 1140.50 55.30
23416.50 4.21 1146.00 56.51
23432.62 4.19 1154.00 56.46
23449.12 4.26 1163.25 55.35
23465.50 4.21 1168.00 50.70
23481.62 4.19 1175.37 45.56
23498.12 4.26 1188.00 47.00
23514.50 4.21 1192.37 43.04
23530.62 4.19 1200.12 39.45
23547.12 4.26 1210.37 42.26
23563.50 4.21 1217.00 32.73
23579.62 4.19 1226.00 30.08
23595.75 4.31 1233.00 28.81
23612.12 4.26 1243.12 41.15
23628.62 4.19 1254.00 35.17
23644.75 4.31 1259.25 38.25
23661.12 4.26 1265.50 20.85
23677.50 4.21 1267.62 17.67
23693.75 4.31 1277.50 31.04
23710.12 4.26 1282.50 44.42
23726.50 4.21 1292.87 48.92
23742.62 4.19 1301.12 55.57
23759.12 4.26 1307.37 51.44
23775.50 4.21 1320.62 54.86
23791.62 4.19 1326.37 49.83
23808.12 4.26 1334.25 47.63
23824.50 4.21 1345.75 50.17
23840.62 4.19 1348.00 36.36
23857.12 4.26 1357.25 30.78
23873.50 4.21 1365.00 11.84
23889.62 4.19 1368.00 33.91
23906.12 4.26 1373.50 44.84
23922.50 4.21 1385.12 49.63
23938.62 4.19 1391.12 52.23
23955.25 4.38 1399.50 56.63
23971.62 4.33 1411.00 57.55
23987.87 4.43 1416.75 57.83
24005.12 4.26 1420.75 54.28
24021.62 4.33 1423.75 43.18
24038.12 4.26 1434.37 34.13
24054.50 4.21 1437.75 9.60
24071.12 4.26 1445.62 26.18
24087.50 4.21 1454.00 38.64
24103.62 4.19 1463.62 51.60
24120.12 4.26 1470.12 57.15
24136.50 4.21 1475.37 51.11
24152.62 4.19 1482.75 55.12
24168.75 4.31 1485.87 46.18
24185.12 4.26 1494.25 35.81
24201.62 4.19 1496.37 32.37
24217.75 4.31 1501.25 14.76
24234.12 4.26 1503.50 23.88
24250.50 4.21 1513.75 47.26
24266.75 4.31 1518.62 52.61
24283.12 4.26 1524.62 51.06
24299.50 4.21 1533.00 57.27
24315.62 4.19 1537.50 55.37
24332.12 4.26 1543.87 55.99
24348.50 4.21 1546.25 50.62
24364.62 4.19 1545.87 43.14
24381.12 4.26 1548.50 47.54
24397.50 4.21 1557.37 43.11
24413.62 4.19 1555.87 33.31
24430.12 4.26 1560.00 24.59
24446.50 4.21 1563.62 10.20
24462.62 4.19 1570.25 33.78
24479.12 4.26 1578.00 49.88
24495.50 4.21 1574.87 43.03
24511.62 4.19 1582.75 42.35
24528.12 4.26 1581.12 32.40
24544.50 4.21 1583.87 27.97
24560.62 4.19 1587.62 30.90
24577.12 4.26 1590.62 32.80
24593.50 4.21 1592.00 41.44
24609.62 4.19 1595.25 48.68
24625.75 4.31 1600.50 53.69
24642.12 4.26 1601.87 50.21
24658.62 4.19 1605.75 53.65
24674.75 4.31 1609.50 51.23
24691.12 4.26 1612.50 47.34
24707.50 4.21 1611.75 53.75
24723.75 4.31 1611.62 46.70
24740.12 4.26 1607.50 35.34
24756.50 4.21 1608.00 28.71
24772.62 4.19 1612.00 20.40
24789.12 4.26 1612.62 25.64
24805.50 4.21 1610.12 16.11
24821.62 4.19 1611.75 23.45
24838.12 4.26 1613.87 35.99
24854.50 4.21 1610.62 34.49
24870.62 4.19 1609.62 32.63
24887.12 4.26 1607.37 15.03
24903.50 4.21 1603.00 30.20
24919.62 4.19 1602.75 48.27
24936.12 4.26 1603.00 49.51
24952.62 4.33 1602.75 56.10
24968.87 4.43 1602.12 55.65
24985.25 4.38 1602.37 56.08
25002.62 4.33 1604.37 56.84
25019.12 4.26 1602.75 53.51
25035.50 4.21 1597.25 50.52
25052.12 4.26 1595.75 46.95
25068.50 4.21 1589.00 27.59
25084.62 4.19 1584.37 17.73
25101.12 4.26 1582.12 30.14
25117.50 4.21 1581.50 39.59
25133.62 4.19 1578.87 47.19
25150.12 4.26 1578.62 46.56
25166.50 4.21 1577.87 44.94
25182.62 4.19 1571.00 46.99
25198.75 4.31 1568.62 53.78
25215.12 4.26 1564.87 54.64
25231.62 4.19 1556.62 43.57
25247.75 4.31 1552.37 14.30
25264.12 4.26 1547.75 24.92
25280.50 4.21 1542.12 36.74
25296.75 4.31 1542.12 50.05
25313.12 4.26 1542.00 49.94
25329.50 4.21 1537.87 55.08
25345.62 4.19 1528.12 51.09
25362.12 4.26 1529.62 57.43
25378.50 4.21 1521.50 50.64
25394.62 4.19 1515.87 48.47
25411.12 4.26 1508.25 41.47
25427.50 4.21 1500.87 27.65
25443.62 4.19 1491.37 12.64
25460.12 4.26 1483.75 34.11
25476.50 4.21 1478.50 43.16
25492.62 4.19 1476.12 53.98
25509.12 4.26 1468.87 56.18
25525.50 4.21 1466.12 57.38
25541.62 4.19 1462.75 54.45
25558.12 4.26 1453.50 57.12
25574.50 4.21 1447.50 48.09
25590.62 4.19 1437.25 41.17
25607.12 4.26 1427.25 31.55
25623.50 4.21 1424.12 13.62
25639.62 4.19 1417.37 23.17
25655.75 4.31 1408.62 23.36
25672.12 4.26 1403.12 43.50
25688.62 4.19 1401.75 35.06
25704.75 4.31 1394.00 35.94
25721.12 4.26 1386.87 21.74
25737.50 4.21 1383.50 21.84
25753.75 4.31 1374.87 10.47
25770.12 4.26 1366.37 15.02
25786.50 4.21 1361.37 36.96
25802.62 4.19 1349.37 44.28
25819.12 4.26 1343.62 47.91
25835.50 4.21 1338.50 46.83
25851.62 4.19 1329.50 54.72
25868.12 4.26 1321.00 55.04
25884.50 4.21 1313.62 53.59
25900.62 4.19 1305.00 55.84
25917.12 4.26 1296.87 52.99
25933.50 4.21 1285.50 47.35
25949.62 4.19 1278.62 47.14
25966.25 4.38 1265.00 45.43
25982.62 4.33 1263.25 53.05
26000.12 4.26 1251.62 53.41
26016.12 4.26 1247.00 50.14
26032.87 4.16 1239.75 46.24
26049.12 4.26 1228.37 44.75
26065.87 4.16 1221.75 39.04
26081.87 4.16 1213.25 27.04
26098.50 4.22 1209.12 21.98
26114.87 4.16 1195.50 32.39
26130.87 4.16 1194.25 23.60
26147.50 4.22 1185.12 33.67
26163.87 4.16 1179.12 40.07
26179.87 4.16 1168.25 41.27
26196.50 4.22 1160.50 40.90
26212.50 4.22 1152.00 55.07
26228.87 4.16 1139.00 49.97
26245.12 4.26 1136.25 45.79
26261.50 4.22 1128.50 54.52
26277.87 4.16 1120.00 54.42
26294.12 4.26 1115.25 45.91
26310.50 4.22 1104.87 28.08
26326.87 4.16 1098.37 20.67
26343.00 4.15 1092.25 18.18
26359.50 4.22 1085.75 36.04
26375.87 4.16 1076.62 25.53
26392.00 4.15 1071.50 32.80
26408.50 4.22 1063.00 39.76
26424.87 4.16 1057.62 38.44
26440.87 4.16 1050.25 54.45
26457.50 4.22 1047.87 46.94
26473.87 4.16 1039.75 35.48
26489.87 4.16 1029.12 36.05
26506.50 4.22 1022.75 16.55
26522.87 4.16 1017.75 35.19
26538.87 4.16 1005.75 39.70
26555.50 4.22 1003.50 46.52
26571.87 4.16 991.37 49.29
26587.87 4.16 986.25 53.44
26604.50 4.22 983.12 53.43
26620.87 4.16 976.00 55.49
26636.87 4.16 966.12 57.16
26653.50 4.22 959.25 47.02
26669.50 4.22 955.12 19.46
26685.87 4.16 952.25 19.59
26702.12 4.26 946.62 29.34
26718.50 4.22 942.00 38.19
26734.87 4.16 933.50 39.61
26751.12 4.26 933.87 43.14
26767.50 4.22 926.25 35.18
26783.87 4.16 922.50 46.44
26800.00 4.15 916.62 52.47
26816.50 4.22 917.00 54.74
26832.87 4.16 910.37 51.59
26849.00 4.15 909.37 36.35
26865.50 4.22 903.75 32.52
26881.87 4.16 898.87 17.88
26897.87 4.16 891.75 24.21
26914.50 4.22 887.12 22.21
26930.87 4.16 883.12 19.87
26946.87 4.16 879.62 15.97
26963.62 4.34 875.25 20.70
26980.00 4.28 877.50 5.80
26996.00 4.28 874.62 31.25
27013.37 4.24 872.12 41.28
27029.75 4.18 864.50 41.80
27045.87 4.16 861.75 39.44
27062.75 4.18 858.62 44.24
27078.87 4.16 862.00 36.50
27095.25 4.11 856.62 25.79
27111.75 4.18 857.75 13.02
27127.87 4.16 850.87 28.78
27144.25 4.11 852.62 33.25
27160.62 4.07 855.75 5.44
27176.87 4.16 851.62 43.15
27193.25 4.11 852.00 35.53
27209.62 4.07 846.75 43.40
27225.87 4.16 837.25 26.20
27241.87 4.16 840.25 39.04
27258.62 4.07 835.12 35.49
27274.75 4.18 837.12 23.01
27290.87 4.16 840.37 13.12
27307.62 4.07 843.62 31.54
27323.75 4.18 846.12 40.00
27339.87 4.16 847.50 40.42
27356.25 4.11 844.25 39.90
27372.75 4.18 846.37 36.45
27388.87 4.16 850.62 35.18
27405.25 4.11 848.00 42.08
27421.75 4.18 848.62 48.40
27437.87 4.16 849.50 55.33
27454.25 4.11 853.12 44.37
27470.75 4.18 851.25 52.81
27486.87 4.16 857.25 25.55
27503.25 4.11 857.00 24.66
27519.75 4.18 862.12 10.44
27535.87 4.16 863.62 18.52
27552.25 4.11 868.37 15.32
27568.75 4.18 869.62 19.91
27584.87 4.16 872.50 31.93
27601.25 4.11 876.00 30.48
27617.62 4.07 877.62 39.69
27633.87 4.16 880.62 45.92
27650.25 4.11 876.75 56.33
27666.62 4.07 882.75 52.40
27682.87 4.16 888.25 37.44
27698.87 4.16 895.87 23.00
27715.62 4.07 897.37 25.43
27731.75 4.18 898.37 33.56
27747.87 4.16 906.50 18.18
27764.62 4.07 909.62 30.07
27780.75 4.18 914.12 46.71
27796.87 4.16 916.50 50.23
27813.25 4.11 926.37 55.50
27829.75 4.18 931.25 45.38
27845.87 4.16 936.12 39.72
27862.25 4.11 940.75 29.16
27878.75 4.18 947.00 14.66
27894.87 4.16 953.75 21.05
27911.25 4.11 960.75 38.92
27927.75 4.18 964.75 26.53
27943.87 4.16 972.00 37.81
27960.37 4.23 977.50 47.16
27976.87 4.30 985.62 36.29
27993.00 4.28 984.87 54.04
28010.37 4.23 994.50 57.70
28026.87 4.16 1001.25 45.57
28043.00 4.28 1009.00 43.64
28059.50 4.21 1016.00 44.26
28075.87 4.16 1016.25 19.54
28092.00 4.28 1027.37 34.23
28108.50 4.21 1033.25 25.38
28124.87 4.16 1042.50 11.69
28141.00 4.28 1047.37 30.97
28157.50 4.21 1055.37 20.54
28173.87 4.16 1063.50 36.19
28189.87 4.16 1068.75 34.82
28206.50 4.21 1075.75 33.32
28222.87 4.16 1084.62 50.35
28238.87 4.16 1091.50 50.14
28255.50 4.21 1099.87 47.31
28271.87 4.16 1104.00 49.76
28287.87 4.16 1112.87 49.86
28304.37 4.23 1115.87 44.00
28320.87 4.16 1128.87 44.63
28336.87 4.16 1132.87 46.75
28353.37 4.23 1140.75 51.52
28369.87 4.16 1146.00 50.99
28385.87 4.16 1157.37 47.06
28402.00 4.28 1167.87 48.02
28418.87 4.16 1176.50 54.92
28434.87 4.16 1180.75 48.88
28451.00 4.28 1188.87 50.13
28467.50 4.21 1197.25 47.84
28483.87 4.16 1207.87 45.68
28500.00 4.28 1214.00 30.88
28516.50 4.21 1221.00 40.28
28532.87 4.16 1233.00 33.46
28549.00 4.28 1242.62 14.07
28565.50 4.21 1248.00 9.58
28581.87 4.16 1256.12 4.73
28598.00 4.28 1249.75 55.67
28614.50 4.21 1274.50 14.35
28630.87 4.16 1279.37 25.05
28646.87 4.16 1290.00 28.33
28663.50 4.21 1292.50 28.83
28679.87 4.16 1300.37 48.72
28695.87 4.16 1308.12 52.71
28712.50 4.21 1315.25 56.49
28728.87 4.16 1324.12 53.21
28744.87 4.16 1330.00 42.54
28761.37 4.23 1339.12 35.41
28777.87 4.16 1350.62 29.66
28793.87 4.16 1355.37 25.27
28810.37 4.23 1360.12 17.93
28826.87 4.16 1367.37 9.27
28842.87 4.16 1374.75 19.90
28859.00 4.28 1379.87 25.94
28875.87 4.16 1385.25 42.37
28891.87 4.16 1392.87 54.24
28908.00 4.28 1404.12 54.61
28924.50 4.21 1410.25 45.30
28940.87 4.16 1419.50 42.95
28957.12 4.40 1424.75 40.38
28973.62 4.33 1434.87 33.97
28990.12 4.40 1439.37 29.46
29007.37 4.23 1449.00 22.64
29024.00 4.28 1451.12 29.81
29040.00 4.28 1459.87 38.73
29056.87 4.16 1465.50 47.01
29073.00 4.28 1468.62 55.79
29089.50 4.21 1481.75 48.38
29105.87 4.16 1487.25 40.51
29122.00 4.28 1494.62 36.02
29138.50 4.21 1495.75 30.93
29154.87 4.16 1502.50 32.17
29171.00 4.28 1512.12 35.45
29187.50 4.21 1514.62 24.81
29203.87 4.16 1515.75 27.01
29219.87 4.16 1521.12 55.58
29236.50 4.21 1530.00 52.38
29252.87 4.16 1533.37 44.75
29268.87 4.16 1537.25 45.56
29285.50 4.21 1541.25 47.31
29301.87 4.16 1547.62 46.48
29317.87 4.16 1554.50 43.51
29334.37 4.23 1554.00 38.71
29350.87 4.16 1562.37 33.74
29366.87 4.16 1568.25 41.50
29383.37 4.23 1569.25 34.85
29399.87 4.16 1569.00 27.02
29415.87 4.16 1574.50 21.66
29432.00 4.28 1575.50 25.12
29448.87 4.16 1580.00 42.05
29464.87 4.16 1585.00 48.48
29481.00 4.28 1589.37 47.88
29497.50 4.21 1584.12 42.33
29513.87 4.16 1588.75 39.97
29530.00 4.28 1590.12 20.56
29546.50 4.21 1597.25 35.06
29562.87 4.16 1595.12 40.13
29579.00 4.28 1599.87 42.64
29595.50 4.21 1602.37 57.08
29611.87 4.16 1608.25 55.34
29628.00 4.28 1606.37 54.92
29644.50 4.21 1608.12 54.05
29660.87 4.16 1610.12 54.67
29676.87 4.16 1613.37 46.21
29693.50 4.21 1614.00 34.87
29709.87 4.16 1614.87 38.30
29725.87 4.16 1613.75 24.64
29742.50 4.21 1612.75 7.68
29758.87 4.16 1615.00 21.85
29774.87 4.16 1610.25 10.52
29791.37 4.23 1609.62 5.01
29807.87 4.16 1606.37 15.02
29823.87 4.16 1610.62 22.06
29840.37 4.23 1613.00 15.81
29856.87 4.16 1613.50 20.21
29872.87 4.16 1605.62 34.68
29889.00 4.28 1606.87 54.40
29905.87 4.16 1608.37 57.64
29921.87 4.16 1602.87 53.86
29938.00 4.28 1601.00 52.91
29954.62 4.33 1595.75 56.97
29971.12 4.40 1608.50 52.34
29987.12 4.40 1596.37 48.81
30005.00 4.28 1603.00 21.05
30021.37 4.23 1592.50 36.39
30037.87 4.16 1590.75 15.42
30054.00 4.28 1586.62 31.88
30070.50 4.21 1580.12 47.65
30086.87 4.16 1576.25 54.26
30103.00 4.28 1570.25 55.03
30119.50 4.21 1572.00 55.89
30135.87 4.16 1569.62 57.37
30152.00 4.28 1567.62 51.67
30168.50 4.21 1565.87 47.45
30184.87 4.16 1569.87 29.01
30201.00 4.28 1552.50 24.28
30217.50 4.21 1551.50 21.63
30233.87 4.16 1546.75 43.41
30249.87 4.16 1543.87 46.67
30266.50 4.21 1534.25 53.25
30282.87 4.16 1531.50 53.18
30298.87 4.16 1525.50 56.09
30315.50 4.21 1523.87 56.08
30331.87 4.16 1511.25 49.09
30347.87 4.16 1510.50 42.58
30364.37 4.23 1505.50 35.92
30380.87 4.16 1499.87 18.90
30396.87 4.16 1493.00 18.69
30413.37 4.23 1491.25 10.51
30429.87 4.16 1478.00 40.79
30445.87 4.16 1470.25 57.40
30462.00 4.28 1458.75 44.76
30478.87 4.16 1462.62 47.67
30494.87 4.16 1450.00 43.66
30511.00 4.28 1448.87 37.40
30527.50 4.21 1445.87 29.27
30543.87 4.16 1440.12 25.41
30560.00 4.28 1432.87 29.55
30576.50 4.21 1423.37 29.90
30592.87 4.16 1417.00 6.95
30609.00 4.28 1410.62 17.97
30625.50 4.21 1402.37 20.62
30641.87 4.16 1393.87 34.68
30658.00 4.28 1388.50 33.81
30674.50 4.21 1385.25 42.27
30690.87 4.16 1375.75 40.33
30706.87 4.16 1368.25 45.58
30723.50 4.21 1361.25 37.57
30739.87 4.16 1354.12 30.21
30755.87 4.16 1346.75 40.20
30772.50 4.21 1334.25 56.99
30788.87 4.16 1329.37 40.59
30804.87 4.16 1316.62 44.58
30821.37 4.23 1313.25 57.85
30837.87 4.16 1305.12 53.75
30853.87 4.16 1297.00 57.10
30870.37 4.23 1292.37 57.59
30886.87 4.16 1283.62 52.78
30902.87 4.16 1279.00 57.35
30919.00 4.28 1271.50 45.72
30935.87 4.16 1261.25 45.10
30952.00 4.28 1251.37 36.64
30968.12 4.40 1245.00 31.58
30984.62 4.33 1233.50 34.62
31002.00 4.28 1226.50 36.59
31018.87 4.16 1220.25 38.59
31035.00 4.28 1211.25 41.77
31051.87 4.16 1202.25 4.13
31067.87 4.16 1195.00 30.05
31084.00 4.28 1187.37 29.61
31100.50 4.21 1177.00 35.95
31116.87 4.16 1171.25 48.27
31133.00 4.28 1161.25 44.58
31149.50 4.21 1153.75 47.39
31165.87 4.16 1144.50 47.94
31182.00 4.28 1140.12 48.49
31198.50 4.21 1132.75 54.41
31214.87 4.16 1126.00 48.60
31231.00 4.28 1118.50 47.69
31247.50 4.21 1117.50 36.34
31263.87 4.16 1104.50 22.05
31279.87 4.16 1094.37 5.29
31296.50 4.21 1088.25 33.82
31312.87 4.16 1081.62 39.17
31328.87 4.16 1071.12 42.04
31345.50 4.21 1063.25 55.92
31361.87 4.16 1063.25 41.68
31377.87 4.16 1059.62 44.75
31394.37 4.23 1050.87 50.63
31410.87 4.16 1042.25 53.49
31426.87 4.16 1034.12 29.45
31443.37 4.23 1028.62 19.88
31459.87 4.16 1021.12 24.56
31475.87 4.16 1013.37 34.13
31492.00 4.28 1004.00 52.09
31508.87 4.16 997.25 49.21
31524.87 4.16 986.50 52.60
31541.00 4.28 983.00 56.61
31557.50 4.21 977.00 54.76
31573.87 4.16 972.50 56.14
31590.00 4.28 970.50 51.45
31606.50 4.21 965.75 48.74
31622.87 4.16 956.87 34.38
31639.00 4.28 947.37 16.25
31655.50 4.21 943.87 32.71
31671.87 4.16 939.75 39.41
31688.00 4.28 935.00 46.50
31704.50 4.21 929.12 51.16
31720.87 4.16 925.87 49.22
31736.87 4.16 923.87 45.93
31753.50 4.21 916.50 54.17
31769.87 4.16 912.75 57.24
31785.87 4.16 906.12 49.96
31802.50 4.21 902.25 45.43
31818.87 4.16 897.37 25.15
31834.87 4.16 894.62 17.06
31851.37 4.23 888.62 22.79
31867.87 4.16 884.37 22.91
31883.87 4.16 881.00 30.21
31900.37 4.23 877.87 29.90
31916.87 4.16 876.62 31.61
31932.87 4.16 874.25 28.35
31949.00 4.28 872.62 17.68
31966.00 4.28 872.62 6.73
31982.00 4.28 866.25 27.75
31999.62 4.21 867.75 49.67
32016.62 4.07 864.75 47.42
32032.62 4.07 863.37 46.59
32049.25 4.11 860.50 39.49
32065.62 4.07 854.50 34.96
32081.62 4.07 852.37 23.01
32098.25 4.11 850.00 24.77
32114.62 4.07 845.62 19.61
32130.62 4.07 845.00 20.30
32147.25 4.11 841.87 28.37
32163.25 4.11 845.75 29.98
32179.62 4.07 841.37 39.06
32196.25 4.11 845.37 38.30
32212.25 4.11 842.00 38.53
32228.62 4.07 842.75 37.53
32245.25 4.11 842.12 26.14
32261.25 4.11 842.62 27.04
32277.62 4.07 842.50 40.40
32294.25 4.11 846.12 42.59
32310.25 4.11 848.50 47.82
32326.62 4.07 844.62 41.41
32343.12 3.99 848.00 40.37
32359.25 4.11 847.62 50.16
32375.62 4.07 850.00 52.29
32392.00 4.02 849.12 57.25
32408.25 4.11 854.25 50.36
32424.62 4.07 857.75 42.70
32441.00 4.02 856.37 31.09
32457.25 4.11 859.37 14.77
32473.62 4.07 858.12 6.58
32490.00 4.02 864.12 23.29
32506.25 4.11 863.12 37.75
32522.62 4.07 868.25 35.17
32538.62 4.07 872.00 35.12
32555.25 4.11 874.25 43.44
32571.62 4.07 879.50 45.94
32587.62 4.07 881.75 48.45
32604.25 4.11 885.50 57.92
32620.25 4.11 887.50 49.74
32636.62 4.07 894.25 36.49
32653.25 4.11 896.37 22.56
32669.25 4.11 902.62 25.86
32685.62 4.07 904.25 27.40
32702.25 4.11 906.50 41.92
32718.25 4.11 912.87 40.00
32734.62 4.07 919.62 43.33
32751.25 4.11 919.87 53.00
32767.25 4.11 928.50 52.21
32783.62 4.07 931.50 45.89
32800.12 3.99 936.62 38.43
32816.25 4.11 940.75 20.39
32832.62 4.07 947.00 25.00
32849.00 4.02 955.12 39.14
32865.25 4.11 959.12 48.22
32881.62 4.07 967.12 51.65
32898.00 4.02 976.50 49.85
32914.25 4.11 986.62 57.15
32930.62 4.07 984.75 54.58
32947.00 4.02 991.37 55.24
32963.37 4.23 995.87 57.20
32979.75 4.18 1003.75 56.08
32995.87 4.30 1011.25 50.50
33013.62 4.07 1020.75 36.04
33029.62 4.07 1022.00 34.88
33046.12 4.13 1026.75 40.34
33062.62 4.07 1041.62 33.58
33078.62 4.07 1042.37 14.48
33095.12 4.13 1048.87 15.92
33111.62 4.07 1056.50 18.06
33127.62 4.07 1071.37 23.83
33144.12 4.13 1075.87 36.71
33160.62 4.07 1073.62 54.38
33176.62 4.07 1087.12 46.43
33193.12 4.13 1094.12 53.47
33209.50 4.09 1101.75 56.46
33225.62 4.07 1110.37 52.08
33242.12 4.13 1119.00 53.80
33258.12 4.13 1123.25 57.49
33274.62 4.07 1132.62 52.16
33290.75 4.18 1138.75 50.64
33307.12 4.13 1154.00 38.61
33323.62 4.07 1144.87 57.52
33339.75 4.18 1162.50 43.70
33356.12 4.13 1169.12 36.93
33372.62 4.07 1180.37 40.39
33388.62 4.07 1183.50 51.93
33405.12 4.13 1193.87 47.05
33421.62 4.07 1202.37 49.12
33437.62 4.07 1213.75 45.88
33454.12 4.13 1219.62 44.51
33470.62 4.07 1219.25 53.68
