2.12 0.12 97.25 22.10
42.87 4.30 824.62 46.73
79.50 4.34 1399.00 55.58
115.87 4.43 1865.62 43.94
152.37 4.37 2234.00 35.80
188.75 4.45 2533.25 29.44
225.00 4.42 2772.25 23.12
261.50 4.35 2965.37 21.03
298.00 4.42 3122.25 14.89
334.25 4.39 3247.87 11.69
370.37 4.37 3349.87 9.51
407.00 4.42 3431.50 7.05
443.37 4.37 3501.50 5.67
479.50 4.35 3552.37 4.88
516.00 4.42 3596.50 3.85
552.50 4.35 3635.75 5.41
588.75 4.32 3664.75 3.20
625.12 4.40 3683.50 1.85
661.25 4.39 3702.25 1.18
697.87 4.30 3718.00 1.19
734.25 4.38 3729.87 1.85
770.50 4.35 3745.37 3.10
806.87 4.30 3761.75 13.31
843.37 4.37 3756.12 0.74
879.62 4.33 3762.00 1.38
915.87 4.30 3767.37 0.88
952.50 4.35 3767.12 1.36
988.75 4.31 3772.25 1.40
1025.12 4.26 3776.25 1.10
1061.62 4.46 3777.62 0.98
1098.12 4.40 3776.87 3.55
1134.50 4.48 3784.12 4.84
1170.75 4.45 3782.62 1.36
1207.25 4.52 3781.25 0.68
1243.62 4.47 3781.12 3.18
1280.00 4.43 3775.62 7.81
1316.25 4.53 3784.25 1.68
1352.75 4.46 3785.12 1.14
1389.12 4.41 3784.87 1.23
1425.37 4.38 3785.87 1.69
1461.87 4.44 3787.00 0.59
1498.12 4.41 3788.75 0.63
1534.62 4.34 3780.62 7.65
1571.12 4.40 3798.12 11.03
1607.37 4.37 3788.12 1.10
1643.62 4.34 3790.12 1.20
1680.25 4.38 3788.25 0.72
1716.50 4.35 3789.12 1.10
1752.87 4.30 3790.62 1.71
1789.25 4.38 3788.50 0.93
1825.75 4.31 3788.12 1.17
1862.12 4.26 3789.00 1.05
1898.37 4.37 3786.37 2.09
1934.75 4.31 3792.12 1.48
1971.25 4.24 3792.75 1.26
2007.50 4.35 3790.00 0.83
2044.00 4.28 3790.25 1.03
2080.25 4.38 3792.75 1.20
2116.87 4.43 3791.25 1.34
2153.37 4.37 3790.37 1.36
2189.50 4.48 3787.00 2.61
2226.00 4.42 3791.12 1.28
2262.50 4.49 3794.50 3.20
2298.62 4.47 3788.75 1.20
2335.12 4.41 3789.87 1.16
2371.50 4.49 3790.00 0.71
2407.62 4.47 3788.00 1.64
2444.12 4.41 3791.25 1.80
2480.50 4.49 3788.50 1.63
2516.75 4.45 3782.00 6.97
2553.25 4.39 3790.25 1.51
2589.62 4.47 3794.62 3.31
2625.87 4.43 3791.25 1.59
2662.50 4.35 3788.87 1.35
2698.75 4.32 3791.87 0.89
2735.12 4.40 3791.75 1.64
2771.62 4.34 3790.00 1.47
2808.00 4.28 3791.87 1.54
2844.25 4.38 3789.50 1.70
2880.87 4.30 3791.00 1.93
2917.00 4.28 3790.75 1.18
2953.37 4.36 3800.12 7.82
2990.12 4.27 3790.75 1.48
3026.12 4.27 3789.25 0.63
3062.62 4.46 3791.75 1.18
3099.25 4.39 3790.25 0.82
3135.50 4.49 3793.87 1.52
3171.87 4.44 3791.37 1.12
3208.25 4.52 3792.37 1.10
3244.75 4.46 3795.00 3.25
3281.00 4.42 3788.87 1.48
3317.50 4.49 3790.50 2.00
3353.75 4.46 3792.37 1.82
3390.25 4.39 3791.12 0.78
3426.50 4.49 3794.50 5.12
3462.87 4.43 3791.62 1.12
3499.25 4.39 3790.87 1.29
3535.87 4.43 3791.75 3.35
3572.00 4.41 3792.12 0.48
3608.50 4.35 3792.75 1.54
3644.87 4.43 3792.50 2.14
3681.12 4.40 3792.37 0.98
3717.50 4.35 3789.62 0.56
3754.12 4.40 3791.37 1.84
3790.12 4.40 3791.87 0.93
3826.75 4.32 3792.37 0.73
3863.25 4.38 3789.25 1.53
3899.25 4.38 3785.12 9.50
3935.87 4.30 3791.12 0.91
3972.12 4.27 3791.00 1.06
4008.50 4.35 3791.87 1.14
4045.12 4.27 3791.75 0.81
4081.37 4.50 3791.50 0.85
4117.75 4.45 3794.00 1.10
4154.50 4.49 3801.62 9.15
4190.50 4.49 3791.37 3.91
4226.87 4.44 3792.00 1.32
4263.50 4.49 3790.37 0.97
4299.75 4.46 3793.00 0.53
4336.00 4.42 3793.75 1.00
4372.50 4.49 3780.75 10.15
4408.87 4.44 3791.87 2.03
4445.00 4.42 3791.37 0.86
4481.62 4.47 3796.50 2.40
4518.12 4.40 3792.62 1.10
4554.37 4.37 3790.50 1.31
4590.87 4.43 3794.62 1.14
4627.25 4.39 3790.25 2.79
