2 1093
55 1107
71 1117
88 1120
104 1141
121 1155
137 1167
153 1155
170 1201
186 1217
202 1230
218 1249
235 1260
251 1270
267 1286
284 1279
300 1298
316 1317
333 1329
349 1353
365 1380
382 1395
398 1419
414 1427
431 1438
447 1456
463 1461
480 1475
496 1485
512 1503
529 1518
545 1530
561 1543
578 1558
594 1581
610 1587
627 1591
643 1593
659 1603
675 1621
692 1636
708 1654
724 1667
741 1708
757 1720
773 1732
790 1744
806 1750
822 1760
839 1776
855 1835
871 1795
888 1810
904 1821
920 1837
937 1847
953 1858
969 1872
987 1865
1003 1876
1020 1892
1036 1906
1052 1922
1069 1952
1085 1970
1101 1980
1118 1988
1134 1996
1150 2006
1167 2012
1183 2020
1199 2024
1216 2043
1232 2039
1248 2063
1265 2075
1281 2081
1297 2094
1313 2106
1330 2100
1346 2102
1362 2107
1379 2123
1395 2128
1411 2145
1428 2152
1444 2185
1460 2195
1477 2201
1493 2210
1509 2210
1526 2216
1542 2223
1558 2226
1575 2229
1591 2239
1607 2253
1624 2254
1640 2267
1656 2266
1673 2274
1689 2281
1705 2282
1722 2275
1738 2278
1754 2282
1770 2295
1787 2300
1803 2328
1819 2336
1836 2342
1852 2345
1868 2343
1885 2343
1901 2358
1917 2349
1934 2351
1950 2351
1966 2359
1984 2362
2000 2365
2016 2370
2033 2366
2049 2370
2065 2353
2082 2356
2098 2361
2114 2366
2131 2367
2147 2394
2163 2403
2180 2399
2196 2394
2212 2397
2229 2394
2245 2397
2261 2387
2278 2376
2294 2365
2310 2360
2327 2349
2343 2327
2359 2300
2376 2280
2392 2258
2408 2226
2425 2177
2441 2141
2457 2103
2473 2065
2490 2032
2506 1989
2522 1966
2539 1920
2555 1864
2571 1817
2588 1757
2604 1698
2620 1644
2637 1591
2653 1525
2669 1474
2686 1419
2702 1360
2718 1300
2735 1262
2751 1175
2767 1116
2784 1055
2800 985
2816 921
2833 867
2849 798
2865 766
2882 725
2898 680
2914 625
2930 574
2947 519
2963 487
2979 429
2996 377
3012 337
3029 304
3045 273
3062 245
3078 210
3094 178
3111 154
3127 153
3143 109
3160 75
3176 66
3192 57
3209 49
3225 40
3241 67
3258 70
3274 77
3290 74
3306 71
3323 73
3339 73
3355 76
3372 82
3388 77
3404 82
3421 84
3437 90
3453 90
3470 95
3486 97
3502 95
3519 88
3535 89
3551 93
3568 100
3584 108
3600 122
3617 148
3633 151
3649 152
3666 155
3682 158
3698 164
3715 167
3731 168
3747 173
3763 188
3780 194
3796 201
3812 205
3829 209
3845 216
3861 227
3878 226
3894 221
3910 226
3927 241
3943 250
3959 259
3976 285
3993 297
4010 310
4026 305
4042 312
4059 320
4075 331
4091 342
4108 352
4124 363
4140 376
4157 382
4173 392
4189 398
4206 420
4222 408
4238 416
4255 417
4271 438
4287 457
4304 466
4320 501
4336 504
4353 520
4369 531
4385 541
4401 554
4418 560
4434 570
4450 585
4467 569
4483 612
4499 621
4516 634
4532 646
4548 655
4565 666
4581 675
4597 672
4614 689
4630 704
4646 715
4663 738
4679 765
4695 789
4712 798
4728 818
4744 820
4761 830
4777 884
4793 858
4810 866
4826 882
4842 898
4858 916
4875 923
4891 941
4907 940
4924 965
4940 971
4956 971
4973 985
4990 1006
5007 1025
5023 1067
5039 1077
5056 1090
5072 1096
5088 1110
5105 1129
5121 1138
5137 1153
5154 1163
5170 1176
5186 1194
5203 1210
5219 1221
5235 1233
5252 1252
5268 1267
5284 1285
5301 1284
5317 1296
5333 1311
5350 1330
5366 1350
5382 1378
5399 1409
5415 1414
5431 1426
5448 1438
5464 1448
5480 1457
5496 1475
5513 1488
5529 1505
5545 1514
5562 1522
5578 1537
5594 1551
5611 1566
5627 1580
5643 1593
5660 1601
5676 1598
5692 1617
5709 1634
5725 1652
5741 1665
5758 1699
5774 1714
5790 1725
5807 1735
5823 1749
5839 1761
5856 1776
5872 1782
5888 1795
5905 1803
5921 1820
5937 1835
5953 1844
5970 1855
5987 1866
6004 1866
6020 1877
6037 1889
6053 1899
6069 1917
6086 1942
6102 1965
6118 1970
6134 1982
6151 1989
6167 2006
6183 2014
6200 2024
6216 2024
6232 2036
6249 2047
6265 2063
6281 2069
6298 2078
6314 2085
6330 2099
6347 2107
6363 2105
6379 2104
6396 2114
6412 2131
6428 2143
6445 2152
6461 2182
6477 2192
6494 2200
6510 2201
6526 2209
6543 2213
6559 2225
6575 2226
6591 2236
6608 2242
6624 2248
6640 2251
6657 2260
6673 2278
6689 2284
6706 2286
6722 2289
6738 2273
6755 2280
6771 2286
6787 2296
6804 2286
6820 2312
6836 2335
6853 2343
6869 2334
6885 2337
6902 2342
6918 2337
6934 2349
6951 2335
6967 2335
6984 2347
7001 2375
7017 2372
7034 2376
7050 2371
7066 2366
7083 2355
7099 2358
7115 2358
7132 2363
7148 2370
7164 2388
7181 2398
7197 2400
7213 2390
7229 2398
7246 2378
7262 2383
7278 2376
7295 2368
7311 2359
7327 2355
7344 2334
7360 2341
7376 2322
7393 2281
7409 2267
7425 2240
7442 2182
7458 2148
7474 2112
7491 2081
7507 2042
7523 2013
7540 1974
7556 1923
7572 1869
7589 1822
7605 1773
7621 1695
7638 1638
7654 1587
7670 1530
7686 1478
7703 1419
7719 1375
7735 1326
7752 1245
7768 1203
7784 1137
7801 1072
7817 990
7833 936
7850 884
7866 829
7882 772
7899 735
7915 694
7931 637
7948 588
7964 533
7980 466
7998 417
8014 381
8030 339
8047 300
8063 281
8079 259
8096 227
8112 193
8128 162
8145 138
8161 103
8177 85
8194 67
8210 59
8226 52
8243 67
8259 72
8275 78
8292 67
8308 70
8324 54
8340 53
8357 53
8373 62
8389 63
8406 71
8422 75
8438 95
8455 101
8471 98
8487 88
8504 95
8520 84
8536 85
8553 90
8569 97
8585 109
8602 120
8618 124
8634 125
8651 129
8667 135
8683 143
8700 150
8716 149
8732 160
8749 163
8765 171
8781 176
8797 183
8814 186
8830 197
8846 202
8863 207
8879 212
8895 224
8912 230
8928 237
8944 246
8961 254
8977 260
8994 273
9011 279
9027 288
9043 296
9060 307
9076 312
9092 327
9109 334
9125 342
9141 350
9158 361
9174 371
9190 383
9207 450
9223 396
9239 412
9256 417
9272 434
9288 451
9305 453
9321 463
9337 483
9354 494
9370 497
9386 514
9403 520
9419 532
9435 549
9451 566
9468 571
9484 585
9500 591
9517 611
9533 624
9549 633
9566 645
9582 658
9598 665
9615 687
9631 697
9647 698
9664 715
9680 730
9696 767
9713 785
9729 792
9745 801
9762 811
9778 827
9794 839
9811 854
9827 864
9843 876
9860 889
9876 908
9892 919
9908 929
9925 947
9941 961
9957 975
9974 973
9991 983
10008 1002
10024 1040
10041 1058
10057 1075
10073 1079
10089 1093
10106 1108
10122 1122
10138 1132
10155 1143
10171 1160
10187 1175
10204 1188
10220 1209
10236 1222
10253 1238
10269 1249
10285 1268
10302 1264
10318 1275
10334 1286
10351 1308
10367 1324
10383 1343
10400 1378
10416 1395
10432 1399
10449 1420
10465 1408
10481 1447
10498 1459
10514 1470
10530 1481
10546 1502
10563 1508
10579 1527
10595 1535
10612 1550
10628 1563
10644 1584
10661 1592
10677 1593
10693 1595
10710 1615
10726 1629
10742 1650
10759 1677
10775 1701
10791 1710
10808 1720
10824 1733
10840 1745
10857 1748
10873 1767
10889 1779
10906 1791
10922 1801
10938 1826
10955 1824
10971 1842
10988 1858
11005 1867
11021 1858
11038 1868
11054 1888
11070 1904
11087 1914
11103 1942
11119 1960
11136 1969
11152 1983
11168 1985
11184 2005
11201 2006
11217 2025
11233 2028
11250 2041
11266 2048
11282 2057
11299 2067
11315 2079
11331 2085
11348 2099
11364 2105
11380 2103
11397 2107
11413 2118
11429 2132
11446 2141
11462 2165
11478 2180
11495 2184
11511 2197
11527 2203
11544 2208
11560 2283
11576 2218
11593 2225
11609 2234
11625 2238
11641 2247
11658 2255
11674 2261
11690 2263
11707 2270
11723 2277
11739 2274
11756 2267
11772 2276
11788 2282
11805 2290
11821 2295
11837 2324
11854 2326
11870 2331
11886 2339
11903 2339
11919 2339
11935 2341
11952 2348
11968 2347
11985 2352
12002 2361
12018 2362
12035 2356
12051 2355
12067 2356
12084 2353
12100 2353
12116 2360
12133 2365
12149 2366
12165 2383
12182 2400
12198 2397
12214 2393
12231 2392
12247 2395
12263 2393
12279 2395
12296 2388
12312 2385
12328 2370
12345 2362
12361 2348
12377 2337
12394 2312
12410 2294
12426 2267
12443 2226
12459 2187
12475 2159
12492 2138
12508 2090
12524 2049
12541 2031
12557 1991
12573 1938
12590 1888
12606 1835
12622 1779
12639 1728
12655 1675
12671 1619
12688 1555
12704 1501
12720 1444
12736 1389
12753 1326
12769 1266
12785 1202
12802 1145
12818 1061
12834 1005
12851 953
12867 897
12883 842
12900 792
12916 756
12932 696
12949 649
12965 593
12981 535
12999 491
13015 443
13032 396
13048 357
13065 319
13081 286
13097 250
13114 220
13130 188
13146 149
13163 124
13179 98
13195 85
13212 77
13228 71
13244 87
13261 75
13277 71
13293 66
13309 70
13326 67
13342 69
13358 75
13375 70
13391 71
13407 79
13424 77
13440 84
13456 84
13473 84
13489 83
13505 92
13522 76
13538 77
13554 89
13571 102
13587 99
13603 124
13620 132
13636 139
13652 138
13669 140
13685 140
13701 150
13718 152
13734 156
13750 158
13766 168
13783 173
13799 184
13815 185
13832 194
13848 199
13864 208
13881 208
13897 206
13913 209
13930 220
13946 228
13962 238
13979 269
13996 279
14012 276
14029 284
14045 297
14061 302
14078 327
14094 319
14110 326
14127 335
14143 344
14159 353
14175 370
14192 374
14208 385
14224 384
14241 391
14257 396
14273 413
14290 420
14306 438
14322 467
14339 486
14355 496
14371 505
14388 506
14404 519
14420 530
14437 540
14453 548
14469 562
14486 573
14502 589
14518 602
14535 614
14551 624
14567 638
14584 648
14600 646
14616 655
14632 674
14649 686
14665 700
14681 726
14698 750
14714 768
14730 780
14747 783
14763 800
14779 809
14796 823
14812 834
14828 847
14845 857
14861 876
14877 886
14894 905
14910 915
14926 932
14943 942
14959 958
14975 949
14993 972
15009 979
15026 1024
15042 1045
15058 1053
15075 1066
15091 1078
15107 1090
15124 1099
15140 1118
15156 1128
15173 1144
15189 1155
15205 1172
15222 1187
15238 1203
15254 1221
15270 1231
15287 1246
15303 1250
15319 1256
15336 1276
15352 1292
15368 1311
15385 1336
15401 1365
15417 1379
15434 1378
15450 1403
15466 1413
15483 1425
15499 1440
15515 1445
15532 1462
15548 1474
15564 1490
15581 1502
15597 1521
15613 1531
15630 1548
15646 1556
15662 1579
15679 1570
15695 1592
15711 1598
15727 1619
15744 1632
15760 1665
15776 1680
15793 1693
15809 1705
15825 1719
15842 1724
15858 1719
15874 1748
15891 1760
15907 1789
15923 1793
15940 1804
15956 1813
15972 1825
15990 1837
16006 1837
16023 1842
16039 1853
16055 1872
16072 1893
16088 1905
16104 1937
16121 1945
16137 1960
16153 1973
16170 1977
16186 1984
16202 1991
16219 2003
16235 2009
16251 2008
16268 2042
16284 2044
16300 2057
16317 2063
16333 2075
16349 2085
16365 2095
16382 2083
16398 2098
16414 2098
16431 2118
16447 2130
16463 2160
16480 2175
16496 2180
16512 2182
16529 2190
16545 2195
16561 2204
16578 2205
16594 2209
16610 2221
16627 2228
16643 2239
16659 2246
16676 2246
16692 2258
16708 2256
16725 2266
16741 2260
16757 2259
16774 2263
16790 2278
16806 2283
16822 2283
16839 2325
16855 2332
16871 2329
16888 2331
16904 2332
16920 2337
16937 2343
16953 2342
16969 2337
16987 2352
17003 2355
17020 2357
17036 2358
17052 2360
17069 2362
17085 2348
17101 2372
17118 2354
17134 2360
17150 2358
17167 2385
17183 2399
17199 2395
17216 2395
17232 2391
17248 2400
17265 2396
17281 2392
17297 2388
17314 2390
17330 2385
17346 2370
17363 2366
17379 2357
17395 2341
17412 2320
17428 2291
17444 2256
17460 2228
17477 2202
17493 2171
17509 2134
17526 2102
17542 2078
17558 2048
17575 1999
17591 1949
17607 1897
17624 1845
17640 1790
17656 1740
17673 1672
17689 1627
17705 1573
17722 1515
17738 1458
17754 1403
17771 1335
17787 1284
17803 1213
17820 1142
17836 1079
17852 1025
17869 968
17885 914
17901 872
17917 829
17934 768
17950 714
17966 658
17984 599
18000 555
18017 494
18033 456
18049 407
18066 370
18082 329
18098 297
18115 259
18131 227
18147 186
18164 152
18180 128
18196 110
18213 92
18229 85
18245 91
18262 84
18278 72
18294 63
18311 62
18327 67
18343 65
18360 65
18376 54
18392 70
18409 74
18425 78
18441 77
18457 88
18474 81
18490 86
18506 83
18523 77
18539 76
18555 80
18572 87
18588 95
18604 110
18621 132
18637 134
18653 135
18670 135
18686 141
18702 141
18719 175
18735 147
18751 150
18768 159
18784 169
18800 178
18817 187
18833 185
18849 181
18866 196
18882 201
18898 188
18914 204
18931 210
18947 222
18963 229
18980 264
18997 269
19014 272
19030 280
19046 283
19063 294
19079 299
19095 301
19112 321
19128 326
19144 333
19160 347
19177 358
19193 367
19209 369
19226 372
19242 371
19258 360
19275 395
19291 412
19307 429
19324 454
19340 469
19356 481
19373 487
19389 502
19405 504
19422 516
19438 521
19454 533
19471 549
19487 568
19503 576
19520 586
19536 597
19552 609
19569 606
19585 634
19601 628
19617 637
19634 651
19650 669
19666 685
19683 706
19699 743
19715 751
19732 759
19748 769
19764 779
19781 793
19797 812
19813 816
19830 826
19846 845
19862 856
19879 872
19895 889
19911 893
19928 906
19944 923
19960 940
19977 938
19994 954
20010 970
20027 1011
20043 1028
20060 1039
20076 1043
20092 1058
20109 1069
20125 1091
20141 1097
20158 1112
20174 1125
20190 1140
20207 1175
20223 1171
20239 1187
20255 1208
20272 1214
20288 1227
20304 1221
20321 1243
20337 1258
20353 1276
20370 1291
20386 1308
20402 1345
20419 1365
20435 1371
20451 1385
20468 1399
20484 1407
20500 1421
20517 1431
20533 1441
20549 1465
20566 1479
20582 1493
20598 1503
20615 1520
20631 1530
20647 1546
20664 1556
20680 1550
20696 1568
20712 1584
20729 1600
20745 1615
20761 1648
20778 1676
20794 1676
20810 1688
20827 1699
20843 1714
20859 1725
20876 1737
20892 1744
20908 1759
20925 1775
20941 1790
20957 1803
20974 1812
20991 1823
21007 1827
21024 1830
21040 1841
21057 1856
21073 1869
21089 1887
21106 1923
21122 1936
21138 1944
21155 1949
21171 1959
21187 1971
21204 1981
21220 1989
21236 1999
21253 2033
21269 2022
21285 2034
21302 2033
21318 2057
21334 2067
21350 2043
21367 2079
21383 2075
21399 2085
21416 2096
21432 2109
21448 2119
21465 2145
21481 2164
21497 2168
21514 2176
21530 2182
21546 2186
21563 2191
21579 2200
21595 2199
21612 2213
21628 2224
21644 2229
21661 2236
21677 2241
21693 2246
21710 2263
21726 2259
21742 2255
21759 2253
21775 2262
21791 2265
21807 2282
21824 2291
21840 2317
21856 2322
21873 2325
21889 2325
21905 2326
21922 2332
21938 2338
21954 2336
21971 2336
21988 2342
22004 2345
22021 2348
22037 2349
22054 2358
22070 2357
22086 2351
22103 2351
22119 2352
22135 2356
22152 2361
22168 2370
22184 2382
22201 2387
22217 2389
22233 2394
22250 2390
22266 2386
22282 2389
22299 2388
22315 2388
22331 2388
22348 2382
22364 2372
22380 2364
22397 2351
22413 2339
22429 2321
22445 2289
22462 2258
22478 2227
22494 2209
22511 2177
22527 2146
22543 2118
22560 2094
22576 2051
22592 2003
22609 1955
22625 1904
22641 1854
22658 1796
22674 1741
22690 1688
22707 1637
22723 1582
22739 1526
22756 1466
22772 1403
22788 1349
22805 1292
22821 1219
22837 1152
22854 1089
22870 1039
22886 976
22902 933
22919 893
22935 837
22951 776
22968 717
22985 646
23002 605
23018 557
23035 504
23051 459
23067 414
23083 377
23100 330
23116 302
23132 260
23149 227
23165 179
23181 153
23198 134
23214 119
23230 124
23247 106
23263 95
23279 82
23296 74
23312 64
23328 44
23345 42
23361 53
23377 48
23394 60
23410 55
23426 72
23443 91
23459 91
23475 89
23492 90
23508 84
23524 72
23540 77
23557 75
23573 83
23589 82
23606 108
23622 125
23638 131
23655 130
23671 131
23687 130
23704 126
23720 118
23736 132
23753 134
23769 145
23785 151
23802 171
23818 187
23834 192
23851 195
23867 199
23883 191
23900 185
23916 190
23932 191
23949 212
23965 223
23981 251
23999 262
24015 262
24032 255
24048 260
24065 267
24081 276
24097 290
24113 300
24130 311
24146 338
24162 343
24179 353
24195 360
24211 369
24228 355
24244 368
24260 376
24277 390
24293 400
24309 433
24326 454
24342 461
24358 465
24375 472
24391 466
24407 477
24424 483
24440 513
24456 511
24473 528
24489 540
24505 569
24522 577
24538 598
24554 603
24570 617
24587 605
24603 610
24619 625
24636 640
24652 657
24668 671
24685 710
24701 722
24717 730
24734 746
24750 759
24766 748
24783 772
24799 776
24815 789
24832 809
24848 820
24864 842
24881 873
24897 882
24913 893
24930 900
24946 915
24962 907
24979 922
24995 937
25012 954
25028 986
25044 1014
25061 1023
25077 1005
25093 1046
25110 1056
25126 1048
25142 1066
25159 1081
25175 1103
25191 1113
25208 1132
25224 1161
25240 1161
25257 1172
25273 1195
25289 1204
25306 1220
25322 1236
25338 1251
25355 1265
25371 1281
25387 1276
25403 1308
25420 1322
25436 1342
25452 1351
25469 1370
25485 1383
25501 1399
25518 1401
25534 1425
25550 1436
25567 1457
25583 1466
25599 1459
25616 1497
25632 1508
25648 1518
25665 1536
25681 1549
25697 1564
25714 1576
25730 1589
25746 1602
25763 1618
25779 1631
25795 1647
25812 1657
25828 1671
25844 1686
25860 1700
25877 1709
25893 1726
25909 1742
25926 1751
25942 1764
25958 1773
25975 1785
25992 1804
26009 1819
26025 1826
26041 1843
26058 1850
26074 1869
26090 1879
26107 1899
26123 1909
26139 1915
26156 1919
26172 1934
26188 1949
26205 1958
26221 1969
26237 1981
26254 1985
26270 2003
26286 2013
26303 2027
26319 2043
26335 2064
26352 2060
26368 2071
26384 2063
26401 2073
26417 2081
26433 2096
26450 2105
26466 2123
26482 2153
26498 2159
26515 2163
26531 2175
26547 2175
26564 2195
26580 2187
26596 2191
26613 2203
26629 2215
26645 2217
26662 2229
26678 2235
26694 2245
26711 2244
26727 2256
26743 2262
26760 2249
26776 2254
26792 2260
26809 2267
26825 2281
26841 2304
26858 2317
26874 2315
26890 2321
26907 2326
26923 2328
26939 2328
26955 2335
26972 2336
26989 2340
27006 2346
27022 2348
27039 2354
27055 2355
27071 2357
27088 2339
27104 2347
27120 2343
27136 2356
27153 2361
27169 2364
27185 2386
27202 2389
27218 2386
27234 2388
27251 2389
27267 2391
27283 2389
27300 2390
27316 2390
27332 2389
27349 2396
27365 2388
27381 2372
27398 2372
27414 2348
27430 2342
27447 2324
27463 2286
27479 2262
27496 2244
27512 2212
27528 2185
27545 2172
27561 2141
27577 2141
27593 2057
27610 2022
27626 1938
27642 1912
27659 1864
27675 1808
27691 1762
27708 1705
27724 1652
27740 1594
27757 1537
27773 1479
27789 1426
27806 1367
27822 1291
27838 1226
27855 1162
27871 1105
27887 1050
27904 993
27920 959
27936 903
27953 843
27969 784
27986 724
28003 667
28019 617
28036 565
28052 515
28068 469
28085 423
28101 385
28117 343
28134 306
28150 269
28166 221
28183 188
28199 164
28215 144
28231 124
28248 120
28264 108
28280 90
28297 81
28313 73
28329 63
28346 56
28362 64
28378 61
28395 62
28411 67
28427 72
28444 76
28460 80
28476 74
28493 79
28509 79
28525 69
28542 68
28558 74
28574 76
28591 82
28607 88
28623 109
28640 112
28656 123
28672 131
28688 128
28705 128
28721 134
28737 134
28754 145
28770 147
28786 158
28803 164
28819 164
28835 167
28852 170
28868 169
28884 177
28901 183
28917 187
28933 192
28950 199
28966 206
28984 156
29001 242
29017 248
29033 256
29050 264
29066 274
29082 280
29099 288
29115 298
29131 307
29148 313
29164 325
29180 339
29197 341
29213 332
29229 334
29246 345
29262 363
29278 378
29295 389
29311 424
29327 434
29344 434
29360 449
29376 459
29393 470
29409 477
29425 489
29442 504
29458 511
29474 521
29490 541
29507 547
29523 557
29539 568
29556 582
29572 590
29588 585
29605 596
29621 597
29637 628
29654 642
29670 675
29686 694
29703 696
29719 714
29735 726
29752 738
29768 746
29784 761
29801 774
29817 785
29833 802
29850 819
29866 819
29882 836
29899 853
29915 871
29931 882
29947 882
29964 889
29980 910
29998 923
30014 952
30030 975
30047 993
30063 1002
30079 1015
30096 1022
30112 1035
30128 1049
30144 1064
30161 1077
30177 1096
30193 1109
30210 1122
30226 1131
30242 1152
30259 1166
30275 1180
30291 1184
30308 1191
30324 1208
30340 1225
30357 1238
30373 1259
30389 1296
30406 1302
30422 1322
30438 1335
30455 1347
30471 1359
30487 1372
30504 1387
30520 1392
30536 1417
30553 1428
30569 1438
30585 1452
30601 1460
30618 1482
30634 1502
30650 1510
30667 1515
30683 1519
30699 1538
30716 1553
30732 1570
30748 1601
30765 1625
30781 1646
30797 1642
30814 1655
30830 1665
30846 1676
30863 1689
30879 1702
30895 1715
30912 1725
30928 1743
30944 1751
30961 1761
30977 1782
30994 1793
31011 1787
31027 1795
31044 1819
31060 1833
31076 1849
31093 1878
31109 1895
31125 1893
31141 1913
31158 1919
31174 1933
31190 1943
31207 1951
31223 1958
31239 1975
31256 1984
31272 1995
31288 2007
31305 2019
31321 2024
31337 2037
31354 2045
31370 2041
31386 2041
31403 2068
31419 2074
31435 2090
31452 2105
31468 2129
31484 2140
31501 2146
31517 2137
31533 2162
31550 2165
31566 2176
31582 2176
31598 2185
31615 2194
31631 2205
31647 2208
31664 2217
31680 2222
31696 2227
31713 2236
31729 2245
31745 2236
31762 2242
31778 2245
31794 2259
31811 2264
31827 2289
31843 2307
31860 2308
31876 2307
31892 2314
31909 2318
31925 2320
31941 2321
31958 2323
31974 2325
31991 2335
32008 2337
32024 2338
32041 2346
32057 2350
32073 2338
32090 2337
32106 2343
32122 2347
32139 2354
32155 2364
32171 2385
32188 2385
32204 2389
32220 2383
32236 2384
32253 2382
32269 2384
32285 2380
32302 2377
32318 2384
32334 2392
32351 2374
32367 2393
32383 2388
32400 2381
32416 2367
32432 2360
32449 2325
32465 2311
32481 2290
32498 2271
32514 2250
32530 2243
32547 2218
32563 2184
32579 2141
32596 2090
32612 2056
32628 2017
32645 1967
32661 1917
32677 1862
32693 1823
32710 1767
32726 1719
32742 1657
32759 1602
32775 1547
32791 1487
32808 1416
32824 1354
32840 1297
32857 1236
32873 1178
32889 1123
32906 1087
32922 1031
32938 967
32955 905
32971 847
32988 785
33005 727
33021 673
33038 624
33054 571
33070 530
33087 471
33103 433
33119 389
33136 347
33152 288
33168 256
33185 224
33201 201
33217 175
33234 163
33250 153
33266 133
33283 105
33299 92
33315 79
33331 75
33348 58
33364 56
33380 57
33397 61
33413 67
33429 65
33446 67
33462 73
33478 71
33495 75
33511 44
33527 59
33544 60
33560 85
33576 77
33593 84
33609 113
33625 119
33642 114
33658 116
33674 112
33691 123
33707 131
33723 127
33740 124
33756 135
33772 140
33788 148
33805 150
33821 158
33837 163
33854 174
33870 169
33886 166
33903 166
33919 176
33935 185
33952 196
33968 219
33985 245
34002 237
34018 240
34035 251
34051 250
34067 256
34084 266
34100 283
34116 282
34133 300
34149 304
34165 316
34182 323
34198 327
34214 320
34231 330
34247 341
34263 354
34280 373
34296 378
34312 409
34329 422
34345 427
34361 413
34378 449
34394 455
34410 460
34426 472
34443 478
34459 495
34475 510
34492 525
34508 532
34524 543
34541 551
34557 570
34573 575
34590 575
34606 583
34622 600
34639 611
34655 628
34671 649
34688 678
34704 689
34720 699
34737 710
34753 722
34769 738
34786 744
34802 753
34818 768
34835 781
34851 799
34867 814
34883 835
34900 839
34916 854
34932 861
34949 868
34965 869
34981 890
34999 911
35015 943
35032 958
35048 974
35065 983
35081 994
35097 1010
35114 1021
35130 1029
35146 1041
35163 1061
35179 1096
35195 1092
35212 1108
35228 1120
35244 1137
35261 1146
35277 1160
35293 1154
35309 1166
35326 1188
35342 1209
35358 1226
35375 1258
35391 1278
35407 1296
35424 1300
35440 1320
35456 1329
35473 1345
35489 1355
35505 1364
35522 1379
35538 1400
35554 1412
35571 1429
35587 1440
35603 1460
35620 1469
35636 1478
35652 1478
35669 1486
35685 1505
35701 1524
35718 1539
35734 1556
35750 1594
35766 1602
35783 1613
35799 1627
35815 1636
35832 1652
35848 1662
35864 1674
35881 1689
35897 1705
35913 1711
35930 1730
35946 1743
35962 1755
35979 1766
35996 1774
36012 1772
36029 1779
36045 1802
36061 1812
36078 1832
36094 1866
36110 1878
36127 1884
36143 1899
36159 1908
36175 1918
36192 1925
36208 1937
36224 1943
36241 1961
36257 1959
36273 1986
36290 1993
36306 2006
36322 2017
36339 2029
36355 2032
36371 2025
36388 2034
36404 2052
36420 2060
36437 2081
36453 2099
36469 2120
36486 2128
36502 2128
36518 2142
36535 2148
36551 2154
36567 2162
36584 2165
36600 2173
36616 2186
36632 2193
36649 2200
36665 2210
36681 2213
36698 2227
36714 2226
36730 2232
36747 2223
36763 2232
36779 2240
36796 2251
36812 2259
36828 2287
36845 2295
36861 2300
36877 2299
36894 2307
36910 2308
36926 2326
36943 2316
36959 2319
36975 2324
36993 2332
37009 2326
37026 2338
37042 2343
37058 2341
37075 2329
37091 2335
37107 2336
37124 2342
37140 2354
37156 2365
37173 2391
37189 2383
37205 2381
37222 2379
37238 2382
37254 2380
37270 2386
37287 2381
37303 2382
37319 2385
37336 2390
37352 2385
37368 2392
37385 2393
37401 2395
37417 2376
37434 2372
37450 2340
37466 2329
37483 2315
37499 2300
37515 2281
37532 2281
37548 2252
37564 2225
37581 2187
37597 2147
37613 2109
37630 2069
37646 2022
37662 1974
37679 1931
37695 1890
37711 1832
37727 1787
37744 1728
37760 1678
37776 1615
37793 1561
37809 1487
37825 1428
37842 1366
37858 1313
37874 1254
37891 1195
37907 1169
37923 1103
37940 1039
37956 981
37972 916
37990 855
38006 796
38023 744
38039 688
38055 638
38072 583
38088 535
38104 491
38121 443
38137 397
38153 339
38170 300
38186 264
38202 240
38219 205
38235 203
38251 182
38268 159
38284 190
38300 114
38317 92
38333 76
38349 67
38365 59
38382 66
38398 65
38414 66
38431 65
38447 55
38463 67
38480 59
38496 75
38512 61
38529 59
38545 65
38561 70
38578 75
38594 116
38610 105
38627 112
38643 112
38659 112
38676 112
38692 115
38708 115
38725 106
38741 119
38757 129
38774 132
38790 141
38806 144
38822 149
38839 155
38855 163
38871 169
38888 159
38904 162
38920 173
38937 180
38953 189
38969 209
38987 225
39003 224
39020 231
39036 245
39052 243
39069 250
39085 255
39101 238
39118 276
39134 284
39150 291
39167 303
39183 309
39199 317
39216 314
39232 313
39248 327
39265 343
39281 348
39297 367
39314 394
39330 412
39346 414
39363 426
39379 434
39395 444
39412 453
39428 460
39444 463
39460 480
39477 490
39493 505
39509 514
39526 528
39542 498
39558 549
39575 555
39591 569
39607 568
39624 581
39640 599
39656 616
39673 644
39689 664
39705 671
39722 685
39738 688
39754 698
39771 717
39787 733
39803 745
39820 756
39836 766
39852 782
39869 792
39885 816
39901 819
39917 837
39934 852
39950 850
39966 851
39984 872
40000 893
40017 927
40033 949
40049 956
40066 964
40082 977
40098 975
40115 984
40131 1002
40147 1016
40164 1036
40180 1048
40196 1063
40213 1105
40229 1114
40245 1123
40262 1141
40278 1151
40294 1145
40311 1154
40327 1171
40343 1188
40360 1206
40376 1236
40392 1262
40409 1274
40425 1293
40441 1296
40457 1317
40474 1303
40490 1318
40506 1336
40523 1355
40539 1369
40555 1391
40572 1414
40588 1433
40604 1443
40621 1458
40637 1469
40653 1485
40670 1474
40686 1488
40702 1504
40719 1523
40735 1528
40751 1568
40768 1581
40784 1593
40800 1610
40817 1623
40833 1620
40849 1634
40866 1650
40882 1658
40898 1671
40914 1686
40931 1702
40947 1736
40963 1749
40980 1752
40997 1758
41014 1757
41030 1770
41046 1786
41063 1800
41079 1815
41095 1846
41112 1859
41128 1877
41144 1879
41160 1895
41177 1889
41193 1894
41209 1919
41226 1925
41242 1936
41258 1951
41275 1955
41291 1990
41307 2007
41324 2012
41340 2014
41356 2028
41373 2018
41389 2024
41405 2034
41422 2050
41438 2064
41454 2086
41471 2108
41487 2120
41503 2120
41520 2132
41536 2137
41552 2126
41569 2128
41585 2149
41601 2157
41617 2167
41634 2174
41650 2193
41666 2211
41683 2220
41699 2224
41715 2230
41732 2233
41748 2220
41764 2222
41781 2233
41797 2236
41813 2253
41830 2278
41846 2294
41862 2291
41879 2291
41895 2286
41911 2295
41928 2302
41944 2306
41960 2306
41977 2317
41994 2317
42010 2320
42027 2325
42043 2328
42060 2337
42076 2329
42092 2344
42109 2346
42125 2354
42141 2351
42158 2356
42174 2355
42190 2360
42207 2363
42223 2368
42239 2366
42255 2370
42272 2370
42288 2374
42304 2375
42321 2378
42337 2378
42353 2384
42370 2384
42386 2350
42402 2384
42419 2387
42435 2374
42451 2372
42468 2358
42484 2347
42500 2332
42517 2305
42533 2289
42549 2274
42566 2239
42582 2209
42598 2169
42615 2145
42631 2106
42647 2068
42664 2023
42680 1980
42696 1933
42712 1882
42729 1834
42745 1783
42761 1731
42778 1673
42794 1625
42810 1562
42827 1505
42843 1451
42859 1398
42876 1335
42892 1272
42908 1215
42925 1160
42941 1095
42957 1032
42974 980
42991 923
43007 866
43024 807
43040 751
43057 681
43073 642
43089 592
43106 542
43122 500
43138 452
43155 389
43171 342
43187 309
43204 276
43220 248
43236 232
43253 211
43269 190
43285 157
43302 137
43318 113
43334 94
43350 73
43367 73
43383 63
43399 55
43416 62
43432 61
43448 66
43465 69
43481 69
43497 69
43514 60
43530 53
43546 53
43563 64
43579 78
43595 74
43612 102
43628 100
43644 103
43661 103
43677 106
43693 110
43710 117
43726 118
43742 125
43759 127
43775 129
43791 132
43807 141
43824 142
43840 147
43856 155
43873 161
43889 150
43905 154
43922 158
43938 171
43954 179
43971 209
43988 218
44004 218
44021 226
44037 229
44054 235
44070 243
44086 247
44103 261
44119 265
44135 273
44152 288
44168 274
44184 302
44201 308
44217 307
44233 306
44250 318
44266 329
44282 346
44299 353
44315 381
44331 391
44348 405
44364 411
44380 425
44397 430
44413 417
44429 447
44445 460
44462 468
44478 483
44494 493
44511 507
44527 515
44543 527
44560 537
44576 550
44592 542
44609 555
44625 569
44641 586
44658 599
44674 629
44690 648
44707 649
44723 671
44739 679
44756 686
44772 702
44788 712
44805 727
44821 736
44837 753
44854 765
44870 780
44886 788
44902 804
44919 821
44935 835
44951 835
44968 842
44985 863
45002 873
45018 912
45035 922
45051 940
45067 951
45083 965
45100 999
45116 987
45132 994
45149 1012
45165 1027
45181 1047
45198 1057
45214 1075
45230 1060
45247 1093
45263 1111
45279 1127
45296 1126
45312 1140
45328 1156
45345 1175
45361 1190
45377 1216
45394 1245
45410 1261
45426 1266
45443 1281
45459 1297
45475 1308
45492 1325
45508 1335
45524 1347
45540 1365
45557 1376
45573 1394
45589 1409
45606 1421
45622 1434
45638 1451
45655 1455
45671 1457
45687 1468
45704 1485
45720 1504
45736 1522
45753 1555
45769 1576
45785 1572
45802 1593
45818 1602
45834 1616
45851 1627
45867 1645
45883 1654
45900 1662
45916 1685
45932 1700
45949 1709
45965 1725
45981 1721
45999 1739
46015 1745
46032 1757
46048 1775
46065 1788
46081 1821
46097 1839
46113 1845
46130 1857
46146 1870
46162 1877
46179 1889
46195 1896
46211 1911
46228 1918
46244 1938
46260 1943
46277 1928
46293 1965
46309 1981
46326 1968
46342 2004
46358 1992
46375 2001
46391 2013
46407 2028
46424 2042
46440 2054
46456 2090
46473 2103
46489 2103
46505 2110
46522 2111
46538 2128
46554 2130
46570 2144
46587 2152
46603 2161
46619 2169
46636 2175
46652 2179
46668 2190
46685 2199
46701 2206
46717 2214
46734 2206
46750 2206
46766 2220
46783 2221
46799 2238
46815 2261
46832 2283
46848 2282
46864 2287
46881 2289
46897 2293
46913 2295
46930 2300
46946 2294
46962 2303
46979 2312
46995 2321
47012 2325
47028 2328
47044 2336
47061 2333
47077 2329
47093 2322
47110 2331
47126 2332
47142 2343
47159 2347
47175 2371
47191 2377
47208 2376
47224 2377
47240 2379
47257 2375
47273 2378
47289 2374
47306 2381
47322 2381
47338 2378
47355 2382
47371 2387
47387 2399
47403 2393
47420 2390
47436 2394
47452 2370
47469 2359
47485 2349
47501 2344
47518 2331
47534 2322
47550 2311
47567 2293
47583 2262
47599 2234
47616 2200
47632 2162
47648 2124
47665 2084
47681 2034
47697 1999
47714 1950
47730 1900
47746 1852
47763 1807
47779 1748
47795 1695
47812 1632
47828 1571
47844 1509
47860 1454
47877 1398
47893 1345
47909 1307
47926 1248
47942 1187
47958 1105
47975 1052
47992 981
48009 932
48025 873
48041 820
48058 762
48074 706
48090 651
48107 605
48123 553
48139 511
48156 444
48172 397
48188 359
48205 317
48221 284
48237 264
48254 243
48270 217
48286 180
48303 162
48319 137
48335 116
48352 99
48368 82
48384 66
48401 59
48417 52
48433 56
48450 57
48466 51
48482 65
48498 67
48515 65
48531 53
48547 54
48564 60
48580 65
48596 70
48613 97
48629 106
48645 98
48662 104
48678 102
48694 106
48711 109
48727 110
48743 111
48760 117
48776 115
48792 127
48809 130
48825 139
48841 134
48858 147
48874 156
48890 147
48907 150
48923 154
48939 164
48955 178
48972 180
48989 206
49006 213
49022 218
49039 222
49055 229
49071 233
49088 234
49104 248
49120 258
49136 265
49153 276
49169 282
49185 292
49202 261
49218 302
49234 294
49251 325
49267 314
49283 329
49300 385
49316 364
49332 389
49349 391
49365 399
49381 410
49398 417
49414 424
49430 434
49447 442
49463 455
49479 472
49496 482
49512 489
49528 503
49545 511
49561 524
49577 528
49593 530
49610 535
49626 573
49642 565
49659 584
49675 591
49691 632
49708 644
49724 654
49740 662
49757 671
49773 685
49789 698
49806 705
49822 721
49838 732
49855 752
49871 762
49887 774
49904 787
49920 803
49936 813
49953 828
49969 824
49986 842
50003 860
50019 892
50036 912
50052 922
50068 936
50085 944
50101 965
50117 969
50134 981
50150 991
50166 1005
50183 1023
50199 1040
50215 1054
50231 1058
50248 1080
50264 1097
50280 1104
50297 1108
50313 1121
50329 1131
50346 1152
50362 1173
50378 1185
50395 1223
50411 1240
50427 1258
50444 1264
50460 1278
50476 1287
50493 1303
50509 1313
50525 1332
50542 1346
50558 1361
50574 1374
50591 1388
50607 1400
50623 1414
50640 1434
50656 1442
50672 1435
50688 1456
50705 1469
50721 1487
50737 1503
50754 1530
50770 1553
50786 1571
50803 1591
50819 1588
50835 1602
50852 1616
50868 1626
50884 1641
50901 1647
50917 1668
50933 1666
50950 1690
50966 1709
50984 1729
51001 1710
51017 1725
51033 1741
51050 1759
51066 1776
51082 1810
51099 1827
51115 1832
51131 1844
51148 1851
51164 1861
51180 1866
51197 1882
51213 1891
51229 1905
51246 1923
51262 1931
51278 1944
51295 1956
51311 1963
51327 1977
51344 1982
51360 1978
51376 1988
51393 2004
51409 2015
51425 2030
51442 2061
51458 2076
51474 2081
51490 2081
51507 2095
51523 2106
51539 2112
51556 2122
51572 2127
51588 2137
51605 2147
51621 2177
51637 2162
51654 2173
51670 2175
51686 2189
51703 2189
51719 2192
51735 2191
51752 2199
51768 2209
51784 2220
51801 2229
51817 2258
51833 2262
51850 2272
51866 2275
51882 2279
51899 2287
51915 2290
51931 2289
51947 2292
51964 2296
51980 2314
51998 2313
52014 2317
52030 2325
52047 2320
52063 2311
52079 2315
52096 2314
52112 2329
52128 2334
52144 2344
52161 2367
52177 2370
52193 2372
52210 2374
52226 2365
52242 2372
52259 2370
52275 2371
52291 2364
52308 2374
52324 2382
52340 2382
52357 2384
52373 2388
52389 2382
52406 2393
52422 2384
52438 2371
52455 2378
52471 2369
52487 2363
52504 2361
52520 2361
52536 2357
52553 2339
52569 2315
52585 2284
52601 2257
52618 2230
52634 2200
52650 2161
52667 2127
52683 2087
52699 2048
52716 2004
52732 1961
52748 1906
52765 1860
52781 1805
52797 1746
52814 1682
52830 1632
52846 1576
52863 1523
52879 1465
52895 1432
52912 1372
52928 1312
52944 1248
52961 1188
52977 1121
52994 1052
53011 996
53027 939
53044 887
53060 827
53076 772
53093 719
53109 665
53125 605
53141 547
53158 496
53174 451
53190 405
53207 368
53223 344
53239 319
53256 336
53272 250
53288 216
53305 187
53321 157
53337 136
53354 110
53370 89
53386 71
53403 76
53419 67
53435 67
53452 57
53468 65
53484 59
53501 59
53517 45
53533 47
53550 51
53566 63
53582 66
53598 90
53615 95
53631 98
53647 108
53664 95
53680 96
53696 100
53713 99
53729 100
53745 110
53762 117
53778 120
53794 126
53811 127
53827 129
53843 135
53860 139
53876 128
53892 130
53909 138
53925 151
53941 161
53958 168
53974 194
53991 191
54008 202
54024 206
54041 214
54057 217
54073 220
54090 230
54106 240
54122 243
54139 255
54155 264
54171 270
54188 277
54204 282
54220 277
54236 283
54253 295
54269 307
54285 317
54302 350
54318 362
54334 350
54351 379
54367 387
54383 401
54400 402
54416 410
54432 420
54449 431
54465 436
54481 446
54498 466
54514 479
54530 493
54547 498
54563 519
54579 506
54596 511
54612 522
54628 542
54645 548
54661 569
54677 607
54693 620
54710 624
54726 642
54742 649
54759 660
54775 671
54791 677
54808 686
54824 705
54840 719
54857 736
54873 748
54889 759
54906 767
54922 787
54938 791
54955 793
54971 803
54988 829
55005 866
55021 883
55038 895
55054 905
55070 914
55087 924
55103 937
55119 950
55136 963
55152 971
55168 992
55185 1003
55201 1016
55217 1033
55234 1046
55250 1061
55266 1081
55283 1055
55299 1095
55315 1107
55331 1122
55348 1142
55364 1158
55380 1192
55397 1210
55413 1219
55429 1231
55446 1241
55462 1257
55478 1270
55495 1290
55511 1300
55527 1317
55544 1327
55560 1338
55576 1347
55593 1368
55609 1383
55625 1398
55642 1416
55658 1415
55674 1425
55691 1443
55707 1456
55723 1474
55740 1505
55756 1528
55772 1532
55788 1551
55805 1558
55821 1574
55837 1592
55854 1600
55870 1608
55886 1612
55903 1633
55919 1646
55935 1661
55952 1673
55968 1684
55985 1739
56002 1698
56018 1709
56035 1728
56051 1743
56067 1758
56084 1793
56100 1809
56116 1812
56133 1829
56149 1838
56165 1851
56182 1865
56198 1865
56214 1873
56231 1886
56247 1898
56263 1916
56280 1926
56296 1941
56312 1952
56329 1966
56345 1976
56361 1992
56378 1972
56394 1988
56410 2004
56426 2018
56443 2041
56459 2061
56475 2070
56492 2079
56508 2084
56524 2095
56541 2104
56557 2111
56573 2118
56590 2126
56606 2135
56622 2144
56639 2149
56655 2182
56671 2175
56688 2188
56704 2196
56720 2187
56737 2177
56753 2190
56769 2201
56786 2213
56802 2217
56818 2249
56835 2258
56851 2266
56867 2266
56883 2269
56900 2261
56916 2262
56932 2285
56949 2275
56965 2281
56981 2310
56999 2322
57015 2322
57032 2322
57048 2328
57065 2306
57081 2310
57097 2324
57114 2328
57130 2332
57146 2357
57163 2366
57179 2345
57195 2365
57212 2365
57228 2351
57244 2353
57261 2355
57277 2360
57293 2362
57309 2366
57326 2367
57342 2390
57358 2390
57375 2391
57391 2393
57407 2393
57424 2370
57440 2367
57456 2374
57473 2375
57489 2378
57505 2371
57522 2378
57538 2374
57554 2341
57571 2337
57587 2313
57603 2271
57620 2232
57636 2221
57652 2192
57669 2162
57685 2127
57701 2093
57718 2067
57734 2028
57750 1973
57766 1925
57783 1878
57799 1810
57815 1753
57832 1701
57848 1645
57864 1593
57881 1553
57897 1506
57913 1438
57930 1384
57946 1320
57962 1252
57979 1178
57996 1123
58012 1065
58029 1004
58045 946
58061 911
58078 856
58094 793
58110 736
58127 658
58143 616
58159 557
58175 512
58192 469
58208 426
58224 393
58241 365
58257 347
58273 288
58290 250
58306 229
58322 174
58339 144
58355 127
58371 113
58388 98
58404 81
58420 83
58437 76
58453 69
58469 61
58486 69
58502 70
58518 46
58535 48
58551 52
58567 67
58584 65
58600 63
58616 47
58632 73
58649 76
58665 83
58681 84
58698 92
58714 93
58730 96
58747 97
58763 105
58779 105
58796 112
58812 113
58828 121
58845 125
58861 131
58877 135
58894 145
58910 148
58926 152
58943 158
58959 166
58975 167
58993 176
59009 188
59026 189
59042 203
59058 203
59075 210
59091 218
59107 226
59124 232
59140 239
59156 247
59173 255
59189 265
59205 273
59222 283
59238 291
59254 293
59270 303
59287 316
59303 320
59319 341
59336 343
59352 335
59368 360
59385 372
59401 381
59417 389
59434 403
59450 410
59466 420
59483 428
59499 443
59515 453
59532 466
59548 480
59564 494
59581 503
59597 514
59613 529
59630 537
59646 537
59662 555
59679 590
59695 603
59711 611
59727 622
59744 628
59760 647
59776 629
59793 668
59809 678
59825 686
59842 706
59858 717
59874 726
59891 742
59907 756
59923 772
59940 783
59956 776
59972 790
59990 810
60006 845
60023 865
60039 882
60055 883
60072 895
60088 911
60104 925
60121 934
60137 947
60153 956
60170 974
60186 988
60202 1001
60219 1017
60235 1037
60251 1048
60268 1061
60284 1060
60300 1070
60317 1083
60333 1108
60349 1117
60365 1136
60382 1170
60398 1188
60414 1200
60431 1214
60447 1222
60463 1166
60480 1256
60496 1268
60512 1280
60529 1297
60545 1309
60561 1325
60578 1337
60594 1345
60610 1370
60627 1387
60643 1394
60659 1395
60676 1405
60692 1422
60708 1437
60725 1456
60741 1486
60757 1513
60774 1516
60790 1533
60806 1543
60822 1557
60839 1567
60855 1583
60871 1591
60888 1598
60904 1617
60920 1634
60937 1642
60953 1660
60969 1673
60987 1689
61003 1681
61020 1692
61036 1713
61052 1727
61069 1742
61085 1771
61101 1788
61118 1804
61134 1814
61150 1816
61167 1835
61183 1842
61199 1857
61216 1863
61232 1877
61248 1888
61265 1901
61281 1914
61297 1934
61314 1939
61330 1950
61346 1961
61363 1959
61379 1969
61395 1976
61412 2059
61428 2005
61444 2032
61460 2048
61477 2053
61493 2069
61509 2076
61526 2088
61542 2095
61558 2100
61575 2107
61591 2120
61607 2123
61624 2139
61640 2145
61656 2153
61673 2163
61689 2169
61705 2178
61722 2176
61738 2176
61754 2184
61771 2190
61787 2204
61803 2208
61820 2240
61836 2242
61852 2251
61869 2260
61885 2266
61901 2268
61917 2274
61934 2280
61950 2280
61966 2288
61984 2295
62000 2306
62017 2300
62033 2304
62049 2306
62066 2305
62082 2309
62098 2313
62115 2320
62131 2327
62147 2340
62164 2362
62180 2361
62196 2367
62213 2363
62229 2368
62245 2365
62262 2368
62278 2368
62294 2371
62311 2373
62327 2373
62343 2377
62360 2381
62376 2379
62392 2378
62409 2384
62425 2389
62441 2366
62457 2372
62474 2370
62490 2380
62506 2376
62523 2389
62539 2384
62555 2373
62572 2357
62588 2344
62604 2317
62621 2297
62637 2271
62653 2243
62670 2210
62686 2178
62702 2142
62719 2104
62735 2064
62751 2021
62768 1973
62784 1934
62800 1867
62817 1816
62833 1762
62849 1717
62866 1660
62882 1608
62898 1565
62914 1516
62931 1454
62947 1394
62963 1325
62980 1264
62997 1205
63014 1141
63030 1084
63046 1024
63063 964
63079 907
63095 854
63112 796
63128 744
63144 670
63160 618
63177 579
63193 526
63209 475
63226 444
63242 414
63258 371
63275 328
63291 290
63307 253
63324 224
63340 197
63356 170
63373 144
63389 125
63405 93
63422 91
63438 83
63454 66
63471 60
63487 65
63503 54
63520 52
63536 48
63552 52
63569 76
63585 57
63601 81
63617 85
63634 90
63650 83
63666 89
63683 90
63699 81
63715 97
63732 97
63748 102
63764 107
63781 110
63797 110
63813 118
63830 110
63846 125
63862 118
63879 121
63895 117
63911 131
63928 137
63944 147
63960 153
63977 185
63994 182
64010 186
64027 188
64043 195
64060 206
64076 226
64092 215
64109 223
64125 223
64141 226
64158 242
64174 245
64190 260
64207 268
64223 256
64239 265
64255 282
64272 287
64288 300
64304 324
64321 345
64337 350
64353 358
64370 356
64386 344
64402 378
64419 386
64435 385
64451 403
64468 415
64484 430
64500 439
64517 446
64533 461
64549 473
64566 475
64582 479
64598 487
64615 496
64631 512
64647 573
64664 539
64680 578
64696 592
64712 602
64729 611
64745 622
64761 627
64778 644
64794 647
64810 661
64827 675
64843 686
64859 697
64876 711
64892 727
64908 742
64925 752
64941 768
64957 763
64974 774
64991 798
65007 824
65024 853
65040 860
65057 872
65073 886
65089 897
65106 906
65122 922
65138 925
65155 939
65171 955
65187 971
65204 984
65220 1004
65236 1017
65253 1031
65269 1043
65285 1045
65302 1054
65318 1074
65334 1083
65350 1093
65367 1116
65383 1160
65399 1179
65416 1175
65432 1196
65448 1214
65465 1223
65481 1239
65497 1254
65514 1260
65530 1272
65546 1287
65563 1306
65579 1310
65595 1332
65612 1349
65628 1363
65644 1384
65661 1383
65677 1399
65693 1406
65710 1424
65726 1436
65742 1472
65759 1492
65775 1507
65791 1516
65807 1527
65824 1540
65840 1546
65856 1562
65873 1576
65889 1588
65905 1606
65922 1612
65938 1629
65954 1644
65971 1657
65988 1668
66004 1665
66021 1680
66037 1695
66054 1714
66070 1723
66086 1765
66103 1780
66119 1786
66135 1797
66152 1807
66168 1816
66184 1832
66201 1836
66217 1852
66233 1862
66250 1876
66266 1892
66282 1904
66299 1911
66315 1926
66331 1936
66348 1943
66364 1940
66380 1949
66397 1966
66413 1977
66429 1996
66445 2019
66462 2044
66478 2052
66494 2053
66511 2064
66527 2066
66543 2077
66560 2088
66576 2097
66592 2102
66609 2117
66625 2126
66641 2140
66658 2146
66674 2154
66690 2160
66707 2166
66723 2162
66739 2160
66756 2169
66772 2183
66788 2192
66805 2205
66821 2235
66837 2245
66854 2252
66870 2254
66886 2255
66902 2265
66919 2264
66935 2270
66951 2266
66968 2282
