2.00 0.35 1542.12 24.45
22.87 4.30 1545.37 30.08
39.50 4.21 1550.00 31.74
55.75 4.31 1556.12 32.26
72.50 4.21 1554.25 24.53
88.62 4.19 1561.62 27.30
104.87 4.30 1566.75 26.96
121.50 4.21 1567.62 37.82
137.62 4.19 1568.87 43.23
153.87 4.30 1575.00 53.39
169.87 4.30 1574.62 56.79
186.62 4.19 1584.25 55.02
202.87 4.30 1587.37 49.91
218.87 4.30 1589.12 50.92
235.62 4.19 1592.87 56.39
251.87 4.30 1600.62 51.50
267.87 4.30 1602.75 43.43
284.62 4.19 1601.25 43.20
300.87 4.30 1598.00 42.63
316.87 4.30 1601.75 39.00
333.50 4.21 1606.87 29.32
349.87 4.30 1603.75 25.01
365.87 4.30 1599.50 6.34
382.50 4.21 1599.50 22.18
398.75 4.18 1604.62 31.63
414.87 4.30 1605.25 38.53
431.50 4.21 1603.37 44.85
447.62 4.19 1600.75 43.78
463.87 4.30 1602.87 44.12
480.50 4.21 1600.75 43.01
496.62 4.19 1595.37 39.83
512.87 4.30 1588.00 52.97
529.50 4.21 1589.50 50.28
545.62 4.19 1582.75 51.65
561.87 4.30 1575.50 56.64
578.50 4.21 1576.62 57.36
594.62 4.19 1570.37 57.70
610.87 4.30 1566.62 52.34
626.87 4.30 1566.50 49.62
643.62 4.19 1559.00 53.36
659.87 4.30 1551.62 52.20
675.87 4.30 1547.87 46.90
692.62 4.19 1554.87 15.29
708.87 4.30 1549.37 2.72
724.87 4.30 1541.37 26.92
741.62 4.19 1532.12 43.41
757.87 4.30 1527.37 56.37
773.87 4.30 1527.37 42.27
790.50 4.21 1521.87 32.50
806.87 4.30 1519.75 13.64
822.87 4.30 1514.62 21.11
839.50 4.21 1506.50 9.44
855.75 4.18 1503.00 22.30
871.87 4.30 1493.62 31.42
888.50 4.21 1482.00 48.48
904.62 4.19 1475.50 51.32
920.87 4.30 1468.12 55.11
937.50 4.21 1457.62 56.69
953.87 4.43 1446.50 57.59
970.00 4.41 1439.62 55.38
986.75 4.44 1436.25 49.10
1003.87 4.30 1428.00 38.17
1020.50 4.21 1417.87 25.26
1036.87 4.30 1412.62 21.23
1053.50 4.21 1409.62 20.21
1069.62 4.19 1399.62 34.99
1085.87 4.30 1395.75 34.02
1102.50 4.21 1389.37 27.22
1118.62 4.19 1387.50 22.80
1134.87 4.30 1381.12 12.02
1151.50 4.21 1376.37 30.45
1167.62 4.19 1375.25 31.36
1183.87 4.30 1375.25 32.74
1199.87 4.30 1369.00 28.26
1216.62 4.19 1359.75 2.47
1232.87 4.30 1354.50 19.54
1248.87 4.30 1351.87 1.80
1265.62 4.19 1345.75 14.05
1281.87 4.30 1345.75 29.37
1297.87 4.30 1337.87 21.27
1314.62 4.19 1334.62 42.96
1330.87 4.30 1330.62 47.86
1346.87 4.30 1331.75 54.74
1363.50 4.21 1319.25 52.05
1379.87 4.30 1315.62 53.25
1395.87 4.30 1316.62 51.43
1412.50 4.21 1308.00 57.35
1428.75 4.18 1295.25 56.50
1444.87 4.30 1282.37 57.44
1461.50 4.21 1278.62 52.21
1477.62 4.19 1270.37 54.87
1493.87 4.30 1258.25 56.78
1510.50 4.21 1253.25 56.80
1526.62 4.19 1246.12 39.69
1542.87 4.30 1240.62 51.99
1559.50 4.21 1230.87 46.09
1575.62 4.19 1223.00 57.50
1591.87 4.30 1211.00 53.33
1608.50 4.21 1207.75 56.16
1624.62 4.19 1200.37 48.70
1640.87 4.30 1197.00 40.27
1656.87 4.30 1191.50 36.79
1673.62 4.19 1182.50 37.97
1689.87 4.30 1184.37 26.23
1705.87 4.30 1180.00 11.35
1722.62 4.19 1177.25 25.71
1738.87 4.30 1171.12 39.83
1754.87 4.30 1168.75 47.25
1771.62 4.19 1168.37 54.75
1787.87 4.30 1160.87 56.02
1803.87 4.30 1152.75 54.58
1820.50 4.21 1146.50 53.48
1836.87 4.30 1143.87 57.55
1852.87 4.30 1139.62 54.90
1869.50 4.21 1135.37 56.90
1885.75 4.18 1129.75 56.39
1901.87 4.30 1130.25 54.38
1918.50 4.21 1126.12 52.93
1934.62 4.19 1123.50 50.27
1951.00 4.41 1119.37 46.20
1967.62 4.33 1107.37 56.84
1983.87 4.43 1096.75 36.10
2000.87 4.30 1091.87 33.44
2017.62 4.19 1089.37 31.89
2033.87 4.30 1075.87 24.90
2050.62 4.19 1068.12 23.17
2066.75 4.18 1058.50 42.87
2083.50 4.21 1050.37 52.41
2099.62 4.19 1043.12 56.62
2115.75 4.18 1036.37 51.39
2132.50 4.21 1022.00 48.08
2148.62 4.19 1016.87 38.69
2164.75 4.18 1010.37 22.69
2181.50 4.21 1001.25 21.08
2197.62 4.19 998.12 29.80
2213.75 4.18 989.62 42.75
2229.87 4.30 993.50 48.82
2246.62 4.19 991.00 55.33
2262.75 4.18 984.12 46.58
2278.87 4.30 980.87 36.54
2295.62 4.19 971.25 25.45
2311.75 4.18 971.62 41.88
2327.87 4.30 966.75 49.62
2344.62 4.19 966.25 55.59
2360.75 4.18 961.12 53.96
2376.87 4.30 957.25 51.77
2393.50 4.21 949.00 55.16
2409.75 4.18 944.87 53.60
2425.75 4.18 944.25 43.88
2442.50 4.21 938.37 43.10
2458.75 4.18 940.37 19.47
2474.75 4.18 936.00 8.75
2491.50 4.21 926.00 13.29
2507.62 4.19 916.75 8.95
2523.75 4.18 912.87 33.21
2540.50 4.21 915.62 22.03
2556.62 4.19 909.25 12.41
2572.75 4.18 905.12 17.52
2589.50 4.21 897.87 24.34
2605.62 4.19 899.50 28.69
2621.75 4.18 897.12 40.06
2638.50 4.21 891.50 43.92
2654.62 4.19 884.00 38.74
2670.75 4.18 885.12 38.51
2686.87 4.30 877.87 37.38
2703.62 4.19 874.75 47.03
2719.75 4.18 870.12 51.80
2735.87 4.30 865.75 42.83
2752.62 4.19 866.00 33.64
2768.75 4.18 868.12 35.53
2784.87 4.30 868.75 41.61
2801.62 4.19 867.87 34.91
2817.75 4.18 865.12 32.52
2833.87 4.30 874.62 34.80
2850.50 4.21 872.75 38.40
2866.75 4.18 868.12 33.01
2882.75 4.18 862.62 32.99
2899.50 4.21 871.25 23.91
2915.75 4.18 866.87 18.93
2931.75 4.18 867.87 37.27
2948.50 4.21 867.37 41.79
2964.75 4.31 875.37 48.41
2981.00 4.41 878.62 54.34
2997.62 4.33 880.00 41.56
3014.87 4.30 884.75 25.66
3031.50 4.21 889.12 34.11
3047.75 4.18 895.25 35.46
3063.75 4.18 899.75 46.28
3080.50 4.21 904.00 56.40
3096.75 4.18 903.00 41.42
3112.75 4.18 911.87 46.54
3129.50 4.21 917.50 34.99
3145.75 4.18 919.00 22.57
3161.75 4.18 927.25 19.92
3178.50 4.21 931.75 7.04
3194.75 4.18 934.00 22.64
3210.75 4.18 929.62 37.15
3227.50 4.21 939.25 37.25
3243.75 4.18 945.00 46.48
3259.75 4.18 947.50 57.58
3275.87 4.30 951.37 44.54
3292.75 4.18 955.25 13.81
3308.75 4.18 962.87 41.45
3324.87 4.30 970.25 48.07
3341.75 4.18 976.37 43.55
3357.75 4.18 982.62 41.96
3373.87 4.30 987.50 39.79
3390.62 4.19 997.75 50.27
3406.75 4.18 1005.25 51.87
3422.87 4.30 1020.25 53.64
3439.62 4.19 1033.87 31.12
3455.75 4.18 1040.75 44.86
3471.87 4.30 1043.62 30.39
3488.62 4.19 1063.00 7.24
3504.75 4.18 1059.75 39.51
3520.75 4.18 1069.75 54.37
3537.50 4.21 1071.12 43.52
3553.75 4.18 1076.12 35.09
3569.75 4.18 1076.62 29.41
3586.50 4.21 1077.50 10.58
3602.75 4.18 1084.12 33.50
3618.75 4.18 1094.12 36.61
3635.50 4.21 1092.25 28.43
3651.75 4.18 1099.00 30.09
3667.75 4.18 1104.75 11.38
3684.50 4.21 1108.87 20.97
3700.75 4.18 1114.50 21.42
3716.75 4.18 1115.87 13.27
3732.87 4.30 1114.87 16.98
3749.75 4.18 1119.25 7.73
3765.75 4.18 1124.12 22.93
3781.87 4.30 1129.00 35.91
3798.75 4.18 1136.62 35.01
3814.75 4.18 1145.37 42.02
3830.87 4.30 1149.12 42.21
3847.62 4.19 1151.50 54.02
3863.75 4.18 1158.62 48.73
3879.87 4.30 1159.50 37.78
3896.62 4.19 1172.37 51.04
3912.75 4.18 1182.75 52.52
3928.87 4.30 1189.00 54.91
3945.62 4.19 1194.37 56.08
3961.87 4.30 1200.75 49.67
3978.00 4.41 1211.25 53.83
3994.62 4.33 1219.75 49.55
4011.12 4.40 1226.87 55.10
4027.87 4.30 1239.37 57.14
4043.87 4.30 1249.87 51.92
4060.75 4.18 1253.87 57.33
4076.87 4.30 1255.75 50.68
4093.50 4.21 1260.37 53.46
4109.75 4.18 1267.37 41.33
4125.87 4.30 1272.12 34.53
4142.50 4.21 1283.00 22.06
4158.75 4.18 1286.12 21.70
4174.87 4.30 1291.12 37.57
4191.50 4.21 1294.75 44.58
4207.62 4.19 1301.87 41.95
4223.87 4.30 1300.12 43.41
4240.50 4.21 1310.12 53.95
4256.62 4.19 1310.50 47.96
4272.87 4.30 1317.12 53.48
4289.50 4.21 1315.87 57.68
4305.62 4.19 1322.25 55.54
4321.87 4.30 1328.75 54.30
4338.50 4.21 1333.62 57.48
4354.50 4.21 1332.62 57.42
4370.87 4.30 1338.25 55.73
4386.87 4.30 1343.87 48.36
4403.50 4.21 1345.62 52.49
4419.87 4.30 1353.87 53.79
4435.87 4.30 1355.50 54.45
4452.50 4.21 1361.50 46.78
4468.87 4.30 1374.87 43.99
4484.87 4.30 1380.75 20.00
4501.50 4.21 1391.87 29.33
4517.75 4.18 1401.87 37.63
4533.87 4.30 1409.87 51.38
4550.50 4.21 1416.00 57.60
4566.75 4.18 1423.75 55.48
4582.87 4.30 1427.87 54.37
4599.50 4.21 1440.75 52.32
4615.75 4.18 1453.12 53.48
4631.87 4.30 1462.50 49.00
4648.50 4.21 1467.25 45.39
4664.62 4.19 1465.62 35.03
4680.87 4.30 1473.12 10.12
4697.50 4.21 1480.87 38.64
4713.62 4.19 1480.25 53.57
4729.87 4.30 1486.12 51.74
4746.50 4.21 1480.75 45.36
4762.62 4.19 1489.00 20.62
4778.87 4.30 1493.50 39.49
4795.50 4.21 1497.87 42.89
4811.50 4.21 1499.12 47.20
4827.87 4.30 1506.62 46.29
4843.87 4.30 1510.75 48.40
4860.50 4.21 1515.00 53.81
4876.87 4.30 1518.50 56.42
4892.87 4.30 1527.37 38.27
4909.50 4.21 1531.37 15.87
4925.87 4.30 1537.25 8.72
4941.87 4.30 1534.87 7.03
4958.62 4.33 1544.37 27.09
4975.00 4.41 1548.75 34.40
4991.00 4.41 1552.50 30.38
5008.62 4.33 1551.62 37.27
5024.87 4.30 1557.37 36.41
5041.62 4.33 1560.25 35.61
5057.87 4.30 1564.00 38.37
5074.50 4.21 1568.50 33.24
5090.75 4.18 1573.87 23.57
5106.87 4.30 1578.37 33.25
5123.50 4.21 1578.87 45.71
5139.75 4.18 1581.50 56.78
5155.87 4.30 1586.87 52.36
5172.50 4.21 1593.87 44.84
5188.75 4.18 1594.12 33.30
5204.87 4.30 1603.25 26.01
5221.50 4.21 1600.37 45.33
5237.62 4.19 1604.37 50.34
5253.87 4.30 1601.87 46.66
5270.50 4.21 1601.87 46.96
5286.62 4.19 1603.25 36.97
5302.87 4.30 1607.37 32.70
5319.50 4.21 1606.50 15.49
5335.62 4.19 1604.87 24.36
5351.87 4.30 1602.12 26.02
5368.50 4.21 1601.62 36.45
5384.50 4.21 1598.75 41.97
5400.87 4.30 1599.50 46.27
5416.87 4.30 1595.75 56.12
5433.50 4.21 1595.62 45.05
5449.87 4.30 1594.37 37.86
5465.87 4.30 1589.50 33.72
5482.50 4.21 1585.37 40.71
5498.87 4.30 1579.75 51.80
5514.87 4.30 1573.00 53.62
5531.50 4.21 1572.25 54.24
5547.75 4.18 1566.75 53.49
5563.87 4.30 1564.75 51.35
5580.50 4.21 1558.12 52.52
5596.75 4.18 1558.12 55.13
5612.87 4.30 1550.75 47.16
5629.50 4.21 1549.75 40.31
5645.75 4.18 1543.87 31.56
5661.87 4.30 1541.00 7.06
5678.50 4.21 1541.62 41.37
5694.62 4.19 1539.50 48.94
5710.87 4.30 1527.00 54.81
5727.50 4.21 1524.25 45.76
5743.62 4.19 1518.12 28.66
5759.87 4.30 1519.87 26.12
5776.50 4.21 1508.75 34.44
5792.62 4.19 1505.50 42.64
5808.87 4.30 1493.50 14.51
5825.50 4.21 1487.50 14.67
5841.50 4.21 1475.62 49.64
5857.87 4.30 1472.12 45.34
5873.87 4.30 1458.25 53.28
5890.50 4.21 1453.12 52.68
5906.87 4.30 1445.37 51.35
5922.87 4.30 1438.62 43.05
5939.50 4.21 1431.50 28.95
5956.00 4.41 1421.12 42.77
5972.00 4.41 1419.75 16.13
5988.75 4.44 1407.50 21.32
6005.87 4.30 1399.87 19.68
6022.62 4.33 1399.62 16.52
6038.87 4.30 1393.87 10.74
6054.87 4.30 1386.37 8.61
6071.87 4.30 1384.25 15.56
6087.87 4.30 1378.12 16.93
6104.50 4.21 1375.87 12.23
6120.75 4.18 1371.25 25.28
6136.87 4.30 1365.25 35.32
6153.50 4.21 1358.25 24.51
6169.75 4.18 1361.12 22.91
6185.87 4.30 1354.12 11.92
6202.50 4.21 1347.37 21.58
6218.75 4.18 1342.12 20.47
6234.87 4.30 1340.25 38.09
6251.50 4.21 1337.50 32.62
6267.62 4.19 1333.37 43.61
6283.87 4.30 1327.75 42.19
6300.50 4.21 1327.50 56.29
6316.62 4.19 1319.25 51.61
6332.87 4.30 1317.00 45.96
6349.50 4.21 1307.37 51.87
6365.62 4.19 1300.87 55.28
6381.87 4.30 1294.62 56.55
6398.50 4.21 1283.50 56.05
6414.50 4.21 1273.25 57.19
6430.87 4.30 1264.50 56.05
6446.87 4.30 1259.50 57.75
6463.50 4.21 1252.75 53.20
6479.87 4.30 1242.50 54.97
6495.87 4.30 1238.75 47.06
6512.50 4.21 1228.37 52.94
6528.87 4.30 1222.50 57.13
6544.87 4.30 1215.00 55.73
6561.50 4.21 1204.00 52.28
6577.75 4.18 1195.62 47.10
6593.87 4.30 1194.00 31.82
6610.50 4.21 1189.00 17.02
6626.75 4.18 1187.12 10.48
6642.87 4.30 1182.87 23.38
6659.50 4.21 1179.62 19.04
6675.75 4.18 1173.62 18.78
6691.87 4.30 1171.12 36.56
6708.50 4.21 1164.75 41.82
6724.62 4.19 1159.25 48.92
6740.87 4.30 1160.00 57.28
6757.50 4.21 1157.00 54.71
6773.62 4.19 1149.62 56.61
6789.87 4.30 1144.00 54.03
6806.50 4.21 1135.50 54.14
6822.62 4.19 1136.12 55.60
6838.87 4.30 1130.62 57.62
6855.50 4.21 1126.62 54.82
6871.50 4.21 1122.00 56.61
6887.87 4.30 1120.37 47.98
6903.87 4.30 1114.25 50.25
6920.50 4.21 1107.62 57.60
6936.87 4.30 1093.62 44.47
6953.00 4.41 1083.25 23.99
6969.75 4.44 1076.87 22.87
6986.00 4.41 1070.25 36.44
7003.62 4.33 1062.87 25.04
7019.87 4.30 1054.62 31.68
7036.50 4.21 1047.00 41.96
7052.75 4.31 1035.87 51.93
7068.87 4.30 1038.25 50.66
7085.50 4.21 1028.62 36.45
7101.87 4.30 1016.50 33.51
7117.87 4.30 1001.75 37.78
7134.50 4.21 1000.75 14.17
7150.75 4.18 997.50 42.74
7166.87 4.30 993.62 51.63
7183.50 4.21 989.62 55.40
7199.75 4.18 985.00 46.31
7215.87 4.30 987.62 57.72
7232.50 4.21 980.00 34.21
7248.75 4.18 974.12 18.27
7264.87 4.30 968.50 35.81
7281.50 4.21 959.00 47.65
7297.62 4.19 959.12 57.09
7313.87 4.30 962.87 44.91
7330.50 4.21 953.00 47.05
7346.62 4.19 947.50 52.20
7362.87 4.30 946.87 54.20
7379.50 4.21 938.25 45.79
7395.62 4.19 933.50 40.98
7411.87 4.30 925.12 30.25
7428.50 4.21 927.37 29.73
7444.50 4.21 925.00 15.74
7460.87 4.30 923.62 25.82
7476.87 4.30 908.37 37.39
7493.50 4.21 907.62 16.29
7509.87 4.30 906.75 25.08
7525.87 4.30 904.75 22.05
7542.50 4.21 899.37 11.04
7558.87 4.30 894.75 19.85
7574.87 4.30 894.25 32.39
7591.50 4.21 891.12 49.37
7607.75 4.18 887.87 52.43
7623.87 4.30 882.87 53.87
7640.50 4.21 872.12 50.22
7656.75 4.18 873.00 56.81
7672.87 4.30 867.87 55.92
7689.50 4.21 863.37 48.79
7705.75 4.18 865.75 56.84
7721.87 4.30 866.50 30.95
7738.50 4.21 868.00 29.85
7754.62 4.19 866.00 32.84
7770.87 4.30 862.50 33.36
7787.50 4.21 862.75 13.88
7803.62 4.19 871.37 23.07
7819.87 4.30 873.87 24.17
7836.50 4.21 869.75 26.66
7852.62 4.19 869.12 13.79
7868.87 4.30 864.25 16.21
7885.50 4.21 869.37 22.72
7901.50 4.21 872.12 32.90
7917.87 4.30 877.12 38.08
7933.87 4.30 879.75 36.89
7950.75 4.44 887.62 52.58
7967.00 4.41 890.50 52.72
7983.12 4.53 896.37 54.28
8000.75 4.31 891.75 44.55
8017.00 4.41 901.12 49.34
8033.75 4.31 903.62 54.37
8050.00 4.41 906.25 48.39
8066.62 4.33 914.00 39.73
8082.87 4.30 915.87 32.67
8099.00 4.41 919.25 22.60
8115.62 4.33 919.25 41.18
8131.87 4.30 934.62 22.77
8148.00 4.41 936.12 38.83
8164.62 4.33 940.12 44.05
8180.87 4.30 940.62 49.86
8196.87 4.30 946.75 56.47
8213.62 4.33 949.12 57.34
8229.87 4.30 951.00 41.82
8245.87 4.30 955.37 8.64
8262.62 4.33 964.37 27.47
8278.87 4.30 976.00 40.27
8294.87 4.30 985.37 43.65
8311.62 4.33 991.75 45.95
8327.75 4.31 1002.50 43.54
8343.87 4.30 1004.00 51.52
8360.62 4.33 1017.12 54.25
8376.75 4.31 1032.25 45.69
8392.87 4.30 1028.87 53.95
8409.62 4.33 1036.87 26.54
8425.75 4.31 1045.87 8.48
8441.87 4.30 1056.50 23.59
8458.62 4.33 1066.00 39.67
8474.62 4.33 1068.75 36.05
8490.87 4.30 1075.00 29.56
8507.00 4.41 1080.87 27.66
8523.62 4.33 1086.00 19.92
8539.87 4.30 1086.12 13.68
8556.00 4.41 1087.87 26.35
8572.62 4.33 1094.50 33.64
8588.87 4.30 1096.75 35.78
8605.00 4.41 1099.25 30.82
8621.62 4.33 1107.50 35.02
8637.87 4.30 1112.50 23.31
8653.87 4.30 1118.62 26.84
8670.62 4.33 1122.62 15.25
8686.87 4.30 1124.50 16.70
8702.87 4.30 1131.75 39.58
8719.62 4.33 1132.50 39.84
8735.87 4.30 1139.00 47.22
8751.87 4.30 1141.87 45.29
8768.62 4.33 1142.50 54.97
8784.75 4.31 1147.62 51.65
8800.87 4.30 1154.37 57.80
8817.62 4.33 1162.37 56.09
8833.75 4.31 1167.37 54.57
8849.87 4.30 1174.62 57.74
8866.62 4.33 1190.75 53.33
8882.75 4.31 1193.00 52.79
8898.87 4.30 1200.62 57.01
8915.62 4.33 1209.12 49.36
8931.62 4.33 1209.75 57.34
8947.87 4.30 1222.12 51.69
8964.12 4.53 1231.87 52.73
8980.75 4.44 1241.12 53.21
8997.00 4.41 1251.00 52.13
9014.62 4.33 1260.62 56.64
9030.75 4.31 1268.00 57.79
9047.50 4.21 1269.50 54.43
9063.62 4.33 1274.12 48.77
9079.75 4.31 1279.37 31.54
9096.50 4.21 1283.12 23.20
9112.62 4.33 1290.37 15.62
9128.62 4.33 1293.87 41.87
9145.50 4.21 1297.00 49.02
9161.62 4.33 1299.37 54.53
9177.62 4.33 1302.50 54.04
9194.50 4.21 1306.00 57.76
9210.62 4.33 1311.00 44.01
9226.62 4.33 1318.12 46.00
9243.50 4.21 1321.12 55.13
9259.62 4.33 1322.37 52.07
9275.62 4.33 1331.12 55.67
9292.50 4.21 1332.25 54.31
9308.50 4.21 1335.25 54.94
9324.62 4.33 1342.00 46.50
9341.50 4.21 1349.87 52.09
9357.50 4.21 1356.37 51.19
9373.62 4.33 1358.00 54.54
9390.37 4.23 1364.25 37.76
9406.50 4.21 1369.87 45.18
9422.62 4.33 1379.25 36.97
9439.37 4.23 1380.37 27.00
9455.50 4.21 1397.75 18.91
9471.62 4.33 1404.37 29.59
9488.37 4.23 1404.62 22.43
9504.50 4.21 1422.37 55.96
9520.62 4.33 1430.12 47.23
9536.75 4.31 1437.50 36.99
9553.50 4.21 1444.75 43.14
9569.62 4.33 1449.62 38.22
9585.62 4.33 1462.50 51.88
9602.50 4.21 1466.00 41.37
9618.62 4.33 1471.00 24.84
9634.62 4.33 1472.62 24.52
9651.50 4.21 1479.50 44.39
9667.62 4.33 1480.62 54.29
9683.62 4.33 1485.12 38.84
9700.50 4.21 1489.25 20.00
9716.62 4.33 1497.87 35.75
9732.62 4.33 1503.12 42.69
9749.50 4.21 1506.00 55.24
9765.50 4.21 1505.12 52.24
9781.62 4.33 1511.12 49.00
9798.50 4.21 1515.12 54.15
9814.50 4.21 1519.37 57.47
9830.62 4.33 1521.62 55.02
9847.37 4.23 1529.87 40.80
9863.50 4.21 1534.12 19.84
9879.62 4.33 1537.87 12.63
9896.37 4.23 1541.37 6.93
9912.50 4.21 1544.87 12.10
9928.62 4.33 1545.00 12.72
9945.37 4.23 1552.50 31.51
9961.62 4.33 1557.50 40.29
9977.75 4.44 1558.75 35.45
9993.87 4.43 1558.12 45.66
10010.87 4.30 1565.62 44.23
10027.62 4.33 1567.37 41.92
10043.87 4.30 1581.37 43.03
10060.50 4.21 1582.00 34.14
10076.62 4.33 1589.37 36.97
10092.87 4.30 1600.25 43.73
10109.50 4.21 1595.12 55.18
10125.62 4.33 1592.37 44.80
10141.87 4.30 1601.37 35.80
10158.50 4.21 1603.37 11.66
10174.62 4.33 1601.37 27.84
10190.87 4.30 1604.12 41.51
10207.50 4.21 1607.25 46.19
10223.62 4.33 1607.50 45.01
10239.87 4.30 1606.37 39.95
10256.50 4.21 1604.00 32.03
10272.62 4.33 1601.62 31.81
10288.75 4.31 1603.50 25.75
10305.50 4.21 1602.00 34.10
10321.62 4.33 1600.25 39.74
10337.75 4.31 1598.25 51.69
10353.87 4.30 1591.87 50.53
10370.62 4.33 1595.37 56.65
10386.75 4.31 1593.50 57.33
10402.87 4.30 1591.75 53.14
10419.50 4.21 1588.12 48.75
10435.62 4.33 1586.75 41.24
10451.87 4.30 1583.37 45.71
10468.50 4.21 1577.62 49.14
10484.62 4.33 1567.00 55.70
10500.87 4.30 1563.87 54.51
10517.50 4.21 1562.62 50.06
10533.62 4.33 1560.12 38.55
10549.87 4.30 1556.00 25.65
10566.50 4.21 1551.37 43.65
10582.62 4.33 1548.37 30.69
10598.87 4.30 1543.62 20.76
10615.50 4.21 1536.62 18.06
10631.62 4.33 1531.87 28.88
10647.87 4.30 1524.37 55.53
10664.50 4.21 1527.62 55.48
10680.62 4.33 1521.00 43.33
10696.87 4.30 1514.25 26.65
10713.50 4.21 1507.50 19.33
10729.62 4.33 1504.37 40.97
10745.75 4.31 1496.12 41.42
10762.50 4.21 1489.00 44.04
10778.62 4.33 1481.25 48.00
10794.75 4.31 1476.87 36.78
10810.87 4.30 1467.12 42.27
10827.62 4.33 1459.87 50.90
10843.75 4.31 1446.62 52.23
10859.87 4.30 1442.25 45.10
10876.50 4.21 1434.75 26.92
10892.62 4.33 1428.87 17.16
10908.87 4.30 1422.37 41.94
10925.50 4.21 1412.50 17.26
10941.62 4.33 1400.12 11.40
10958.00 4.41 1399.62 19.36
10974.75 4.44 1394.87 26.27
10990.75 4.44 1393.62 23.42
11008.00 4.41 1384.25 22.22
11024.75 4.31 1381.37 23.34
11040.87 4.30 1373.25 21.28
11057.62 4.33 1368.87 9.55
11073.87 4.30 1368.75 14.54
11090.50 4.21 1361.75 1.23
11106.62 4.33 1357.75 19.19
11122.87 4.30 1356.50 27.25
11139.50 4.21 1355.00 22.12
11155.62 4.33 1349.50 16.84
11171.87 4.30 1340.25 29.93
11188.50 4.21 1336.37 42.91
11204.62 4.33 1337.50 46.55
11220.87 4.30 1339.12 57.59
11237.50 4.21 1327.37 57.82
11253.62 4.33 1323.00 54.26
11269.87 4.30 1317.37 56.02
11286.50 4.21 1309.00 57.53
11302.62 4.33 1302.12 57.43
11318.75 4.31 1291.25 56.96
11335.50 4.21 1288.12 32.26
11351.62 4.33 1276.87 43.84
11367.75 4.31 1272.87 47.57
11383.87 4.30 1264.75 46.81
11400.62 4.33 1254.50 54.99
11416.75 4.31 1244.50 49.84
11432.87 4.30 1238.00 52.58
11449.50 4.21 1230.00 52.06
11465.62 4.33 1220.62 52.08
11481.87 4.30 1214.25 47.58
11498.50 4.21 1211.37 53.68
11514.62 4.33 1205.75 56.38
11530.87 4.30 1200.62 44.35
11547.50 4.21 1191.00 41.12
11563.62 4.33 1187.75 25.67
11579.87 4.30 1184.50 17.22
11596.50 4.21 1181.12 33.19
11612.62 4.33 1174.00 39.33
11628.87 4.30 1171.75 51.58
11645.50 4.21 1167.62 34.46
11661.62 4.33 1166.62 47.94
11677.87 4.30 1157.25 50.29
11694.50 4.21 1152.75 54.95
11710.62 4.33 1149.75 54.66
11726.87 4.30 1150.12 55.15
11743.50 4.21 1143.50 51.29
11759.62 4.33 1138.87 56.56
11775.75 4.31 1129.00 51.45
11792.50 4.21 1129.75 55.70
11808.62 4.33 1123.37 57.81
11824.75 4.31 1122.00 54.86
11840.87 4.30 1118.00 52.67
11857.62 4.33 1108.37 49.62
11873.75 4.31 1102.25 52.90
11889.87 4.30 1093.62 42.92
11906.50 4.21 1082.12 24.04
11922.62 4.33 1073.75 23.50
11938.87 4.30 1057.00 28.88
11955.75 4.44 1058.75 49.67
11971.75 4.44 1047.37 56.76
11988.12 4.53 1038.37 56.37
12005.62 4.33 1034.00 52.57
12021.75 4.31 1026.00 55.30
12038.62 4.33 1019.37 46.77
12054.75 4.31 1015.37 44.04
12071.50 4.21 1008.62 9.59
12087.62 4.33 996.37 43.89
12103.87 4.30 992.75 45.29
12120.50 4.21 990.75 53.18
12136.62 4.33 987.62 41.97
12152.87 4.30 980.62 31.99
12169.50 4.21 977.87 21.67
12185.62 4.33 974.25 26.16
12201.87 4.30 974.37 15.07
12218.50 4.21 966.37 34.03
12234.62 4.33 963.37 43.93
12250.87 4.30 953.75 57.69
12267.50 4.21 951.37 50.87
12283.62 4.33 947.25 40.07
12299.87 4.30 944.62 41.08
12316.50 4.21 942.37 30.33
12332.62 4.33 937.00 40.93
12348.75 4.31 934.50 41.66
12365.50 4.21 927.87 37.27
12381.62 4.33 923.12 30.38
12397.75 4.31 919.62 30.34
12413.87 4.30 919.25 22.72
12430.62 4.33 919.12 8.32
12446.75 4.31 913.37 14.89
12462.87 4.30 905.87 12.37
12479.50 4.21 901.00 25.50
12495.62 4.33 899.62 17.21
12511.87 4.30 895.12 13.93
12528.50 4.21 891.12 26.54
12544.62 4.33 888.62 35.04
12560.87 4.30 887.87 54.58
12577.50 4.21 881.25 53.93
12593.62 4.33 876.25 48.38
12609.87 4.30 870.62 51.81
12626.50 4.21 865.62 48.41
12642.62 4.33 864.50 54.96
12658.87 4.30 867.00 54.67
12675.50 4.21 867.25 54.94
12691.62 4.33 866.00 38.91
12707.87 4.30 866.50 31.15
12724.50 4.21 866.62 22.34
12740.62 4.33 866.00 12.99
12756.87 4.30 866.25 12.66
12773.50 4.21 863.87 24.68
12789.62 4.33 873.00 9.70
12805.75 4.31 869.62 26.99
12822.50 4.21 871.75 42.34
12838.62 4.33 867.87 32.88
12854.75 4.31 874.25 25.36
12870.87 4.30 872.62 32.43
12887.62 4.33 884.62 31.59
12903.75 4.31 886.37 37.08
12919.87 4.30 891.87 48.96
12936.50 4.21 897.25 57.89
12952.75 4.44 903.75 52.97
12969.12 4.53 903.75 56.56
12985.75 4.44 902.50 57.27
13002.87 4.43 909.87 56.14
13019.62 4.33 915.50 49.44
13035.75 4.31 914.50 29.80
13051.87 4.30 922.62 3.45
13068.62 4.33 923.00 28.51
13084.87 4.30 929.37 31.43
13101.50 4.21 934.75 48.09
13117.62 4.33 942.75 52.46
13133.87 4.30 950.50 53.55
13150.50 4.21 951.12 42.09
13166.62 4.33 951.50 38.87
13182.87 4.30 955.50 24.71
13199.50 4.21 966.87 29.58
13215.62 4.33 970.12 8.09
13231.87 4.30 978.00 30.75
13248.50 4.21 991.25 31.25
13264.62 4.33 1000.87 48.56
13280.87 4.30 1004.00 55.67
13297.50 4.21 1014.62 56.87
13313.62 4.33 1015.87 56.37
13329.87 4.30 1023.87 48.20
13346.50 4.21 1035.62 41.73
13362.62 4.33 1045.00 15.91
13378.75 4.31 1054.12 14.67
13395.50 4.21 1063.12 44.37
13411.62 4.33 1071.50 49.95
13427.75 4.31 1070.75 35.03
13443.87 4.30 1074.62 34.59
13460.62 4.33 1076.62 24.29
13476.75 4.31 1082.12 13.46
13492.87 4.30 1089.62 27.73
13509.50 4.21 1093.12 27.83
13525.62 4.33 1096.62 33.74
13541.87 4.30 1094.62 27.93
13558.50 4.21 1103.00 43.57
13574.62 4.33 1106.12 35.81
13590.87 4.30 1115.12 15.12
13607.50 4.21 1117.50 17.95
13623.62 4.33 1122.62 39.84
13639.87 4.30 1128.00 35.60
13656.50 4.21 1134.62 43.00
13672.62 4.33 1133.25 29.21
13688.87 4.30 1134.62 43.62
13705.50 4.21 1136.50 49.91
13721.62 4.33 1147.25 57.87
13737.87 4.30 1153.37 55.81
13754.50 4.21 1157.37 47.77
13770.62 4.33 1166.12 52.72
13786.87 4.30 1174.87 55.48
13803.50 4.21 1181.50 56.25
13819.62 4.33 1190.37 57.06
13835.75 4.31 1194.50 56.25
13852.50 4.21 1205.50 52.17
13868.62 4.33 1211.75 50.23
13884.75 4.31 1222.75 57.61
13900.87 4.30 1228.25 39.47
13917.62 4.33 1240.87 55.39
13933.75 4.31 1247.75 52.18
13950.12 4.53 1258.25 45.83
13966.87 4.56 1265.00 56.02
13982.87 4.56 1271.37 56.15
14000.62 4.33 1276.62 46.03
14016.75 4.44 1274.50 40.75
14033.62 4.33 1278.12 32.51
14049.62 4.33 1284.12 13.49
14065.87 4.43 1290.75 29.77
14082.62 4.33 1293.00 35.12
14098.62 4.33 1302.00 39.17
14114.75 4.31 1303.87 53.84
14131.62 4.33 1304.50 57.43
14147.62 4.33 1311.12 55.75
14163.75 4.31 1316.25 56.30
14180.62 4.33 1315.62 55.00
14196.62 4.33 1324.50 57.53
14212.75 4.31 1328.50 57.10
14229.50 4.34 1330.87 53.29
14245.62 4.33 1336.12 56.75
14261.75 4.31 1342.62 54.88
14278.50 4.34 1346.87 52.76
14294.62 4.33 1351.50 54.43
14310.75 4.31 1357.87 44.82
14327.50 4.34 1367.87 55.50
14343.62 4.33 1373.50 39.03
14359.75 4.31 1380.87 26.10
14376.50 4.34 1380.87 10.79
14392.62 4.33 1388.62 20.36
14408.62 4.33 1395.75 20.11
14425.50 4.34 1407.50 23.63
14441.62 4.33 1415.12 38.35
14457.62 4.33 1426.25 44.83
14473.87 4.43 1434.75 54.00
14490.62 4.33 1441.50 46.38
14506.62 4.33 1444.50 42.15
14522.87 4.43 1457.12 28.26
14539.62 4.33 1465.75 26.09
14555.62 4.33 1470.87 9.57
14571.75 4.31 1472.50 30.40
14588.62 4.33 1477.75 49.12
14604.62 4.33 1475.00 55.14
14620.75 4.31 1484.62 55.03
14637.62 4.33 1487.62 47.63
14653.62 4.33 1496.37 34.60
14669.75 4.31 1491.75 42.99
14686.50 4.34 1504.50 29.25
14702.62 4.33 1506.37 55.01
14718.75 4.31 1515.37 49.75
14735.50 4.34 1506.25 42.83
14751.62 4.33 1521.50 56.22
14767.75 4.31 1517.87 49.73
14784.50 4.34 1521.12 53.86
14800.62 4.33 1529.12 51.21
14816.75 4.31 1532.12 47.14
14833.50 4.34 1534.12 30.90
14849.62 4.33 1543.37 16.39
14865.62 4.33 1543.37 7.22
14882.50 4.34 1549.50 7.58
14898.62 4.33 1553.12 31.31
14914.62 4.33 1558.50 0.52
14930.87 4.43 1563.62 30.64
14947.62 4.33 1567.37 35.24
14963.87 4.56 1570.00 29.87
14980.00 4.54 1572.37 49.70
14996.75 4.44 1580.75 50.52
15013.87 4.43 1584.75 48.28
15030.50 4.34 1591.00 50.55
15046.75 4.31 1596.12 44.08
15062.87 4.43 1595.87 56.56
15079.62 4.33 1596.25 50.12
15095.62 4.33 1597.75 34.63
15111.87 4.43 1604.00 43.84
15128.00 4.41 1599.25 2.33
15144.62 4.33 1600.25 17.52
15160.87 4.43 1600.87 26.27
15177.00 4.41 1604.00 37.57
15193.62 4.33 1600.12 44.39
15209.75 4.31 1601.62 34.19
15226.00 4.41 1602.25 30.03
15242.62 4.33 1606.37 18.76
15258.75 4.31 1605.00 37.73
15275.00 4.41 1605.25 39.89
15291.62 4.33 1605.25 47.81
15307.75 4.31 1597.37 50.56
15324.00 4.41 1594.62 53.25
15340.62 4.33 1593.37 55.73
15356.75 4.31 1586.50 56.62
15373.00 4.41 1584.50 56.70
15389.62 4.33 1580.75 52.35
15405.75 4.31 1578.37 46.61
15421.87 4.43 1573.00 47.41
15438.62 4.33 1570.75 52.60
15454.75 4.31 1561.37 55.76
15470.87 4.43 1560.12 50.35
15487.62 4.33 1552.75 39.38
15503.75 4.31 1549.12 26.82
15519.87 4.43 1540.25 14.98
15536.62 4.33 1540.00 12.05
15552.62 4.33 1537.87 30.15
15568.87 4.43 1537.50 39.30
15585.00 4.41 1529.75 51.00
15601.62 4.33 1525.75 56.59
15617.87 4.43 1516.87 48.03
15634.00 4.41 1522.62 37.82
15650.62 4.33 1518.12 20.47
15666.75 4.31 1510.00 9.30
15683.00 4.41 1495.87 33.15
15699.62 4.33 1495.50 47.33
15715.75 4.31 1486.75 54.93
15732.00 4.41 1478.62 54.38
15748.62 4.33 1469.50 56.22
15764.75 4.31 1463.12 52.66
15781.00 4.41 1464.75 38.57
15797.62 4.33 1449.37 55.08
15813.75 4.31 1439.00 47.72
15830.00 4.41 1434.00 50.09
15846.62 4.33 1420.25 17.17
15862.75 4.31 1410.12 23.61
15878.87 4.43 1401.12 31.78
15895.62 4.33 1393.50 15.23
15911.75 4.31 1386.37 21.61
15927.87 4.43 1391.12 13.17
15944.62 4.33 1382.75 14.56
15960.87 4.43 1385.50 1.88
15977.00 4.54 1378.25 8.74
15993.75 4.44 1378.62 27.32
16010.87 4.43 1370.62 23.68
16027.00 4.41 1359.62 20.67
16043.87 4.43 1360.12 16.10
16059.87 4.43 1356.25 24.38
16076.12 4.40 1352.50 27.47
16092.87 4.43 1346.62 26.29
16109.00 4.41 1347.62 10.91
16125.00 4.41 1345.25 29.41
16141.75 4.31 1334.37 55.40
16158.00 4.41 1333.87 45.36
16174.00 4.41 1329.62 42.33
16190.75 4.31 1321.50 48.81
16207.00 4.41 1310.50 56.61
16223.00 4.41 1304.75 50.13
16239.75 4.31 1299.00 52.62
16256.00 4.41 1292.25 51.16
16272.00 4.41 1288.00 51.14
16288.12 4.40 1277.25 55.81
16305.00 4.41 1275.12 52.02
16321.00 4.41 1266.62 51.74
16337.12 4.40 1263.25 44.53
16354.00 4.41 1251.62 48.75
16370.00 4.41 1243.25 47.19
16386.12 4.40 1228.75 54.47
16403.00 4.41 1228.12 51.79
16419.00 4.41 1212.62 55.94
16435.12 4.40 1210.75 50.30
16451.87 4.43 1198.12 53.48
16468.00 4.41 1201.12 41.75
16484.12 4.40 1198.87 41.68
16500.87 4.43 1198.50 32.00
16517.00 4.41 1187.37 23.40
16533.12 4.40 1180.00 14.81
16549.87 4.43 1172.50 39.91
16566.00 4.41 1169.00 45.10
16582.00 4.41 1162.75 48.73
16598.75 4.31 1155.62 52.61
16615.00 4.41 1154.75 47.31
16631.00 4.41 1156.00 49.14
16647.75 4.31 1151.75 54.25
16664.00 4.41 1147.62 50.52
16680.00 4.41 1145.75 55.23
16696.75 4.31 1142.50 53.95
16713.00 4.41 1139.12 50.29
16729.00 4.41 1131.37 55.43
16745.12 4.40 1125.37 57.92
16762.00 4.41 1119.00 55.53
16778.00 4.41 1116.75 47.88
16794.12 4.40 1109.87 53.26
16811.00 4.41 1102.00 52.86
16827.00 4.41 1095.62 43.42
16843.12 4.40 1085.25 24.45
16860.00 4.41 1079.37 24.16
16876.00 4.41 1071.00 35.69
16892.12 4.40 1061.62 42.47
16908.87 4.43 1048.25 53.45
16925.00 4.41 1045.87 52.38
16941.12 4.40 1037.12 47.20
16958.00 4.54 1026.12 42.32
16974.12 4.53 1014.12 49.03
16990.37 4.63 1012.87 44.40
17008.00 4.41 1009.25 42.06
17024.12 4.53 1003.87 15.60
17041.00 4.41 999.12 44.87
17057.00 4.41 992.12 55.69
17073.87 4.43 991.37 53.81
17090.00 4.41 979.00 38.40
17106.12 4.40 981.12 25.93
17122.87 4.43 977.37 5.94
17139.00 4.41 974.00 28.52
17155.00 4.41 968.87 38.07
17171.75 4.31 965.62 46.23
17188.00 4.41 960.12 55.41
17204.00 4.41 958.25 56.18
17220.75 4.31 949.00 47.20
17237.00 4.41 943.37 38.54
17253.00 4.41 940.00 20.83
17269.75 4.31 937.75 16.87
17286.00 4.41 929.25 19.12
17302.00 4.41 924.87 28.97
17318.12 4.40 924.87 34.48
17335.00 4.41 928.25 45.00
17351.00 4.41 921.37 34.15
17367.12 4.40 918.37 24.94
17384.00 4.41 913.12 11.61
17400.00 4.41 912.25 6.62
17416.12 4.40 903.37 7.70
17433.00 4.41 903.00 22.66
17449.00 4.41 892.75 27.52
17465.12 4.40 883.62 21.20
17481.87 4.43 887.25 19.39
17498.00 4.41 884.12 34.94
17514.12 4.40 879.37 41.83
17530.87 4.43 874.50 54.55
17547.00 4.41 873.75 46.90
17563.12 4.40 873.87 34.74
17579.87 4.43 869.87 38.21
17596.00 4.41 867.62 43.94
17612.00 4.41 861.62 55.45
17628.75 4.31 866.12 51.99
17645.00 4.41 865.12 51.81
17661.00 4.41 863.37 40.59
17677.75 4.31 862.87 29.72
17694.00 4.41 868.50 8.16
17710.00 4.41 868.50 13.92
17726.75 4.31 871.12 28.42
17743.00 4.41 871.50 31.72
17759.00 4.41 873.25 38.39
17775.12 4.40 870.00 44.22
17792.00 4.41 876.00 47.65
17808.00 4.41 881.12 46.99
17824.12 4.40 879.87 39.71
17841.00 4.41 882.25 30.53
17857.00 4.41 887.87 30.54
17873.12 4.40 893.25 30.42
17890.00 4.41 896.87 41.71
17906.00 4.41 900.75 54.24
17922.12 4.40 907.37 51.67
17938.87 4.43 912.62 44.34
17955.12 4.53 912.00 41.61
17971.25 4.52 916.50 49.65
17988.00 4.54 918.00 38.22
18005.00 4.41 921.12 24.87
18021.25 4.52 929.50 27.08
18038.00 4.41 935.25 38.55
18054.25 4.52 937.75 42.86
18071.00 4.41 946.25 53.33
18087.12 4.40 949.12 46.66
18103.87 4.43 954.00 36.60
18120.00 4.41 961.12 6.20
18136.12 4.40 961.75 32.56
18152.87 4.43 961.87 31.03
18169.00 4.41 971.87 30.07
18185.00 4.41 980.37 22.32
18201.75 4.31 989.25 31.24
18218.00 4.41 996.12 42.98
18234.00 4.41 1005.87 54.74
18250.75 4.31 1016.00 49.21
18267.00 4.41 1028.62 44.27
18283.00 4.41 1037.37 40.67
18299.75 4.31 1041.50 43.05
18316.00 4.41 1045.75 32.50
18332.00 4.41 1057.87 5.81
18348.12 4.40 1061.50 38.14
18365.00 4.41 1065.50 31.53
18381.00 4.41 1070.00 37.15
18397.12 4.40 1078.50 27.18
18414.00 4.41 1083.12 15.32
18430.00 4.41 1086.62 5.28
18446.12 4.40 1093.00 7.51
18463.00 4.41 1101.37 7.36
18479.00 4.41 1102.12 11.63
18495.12 4.40 1105.87 13.94
18511.87 4.43 1105.37 26.70
18528.00 4.41 1105.62 20.56
18544.12 4.40 1111.25 15.01
18560.87 4.43 1117.37 19.35
18577.00 4.41 1120.87 12.02
18593.12 4.40 1126.87 25.27
18609.87 4.43 1131.25 45.46
18626.00 4.41 1141.50 54.01
18642.00 4.41 1145.75 47.95
18658.75 4.31 1150.75 47.57
18675.00 4.41 1148.37 55.53
18691.00 4.41 1157.25 50.52
18707.75 4.31 1160.75 51.02
18724.00 4.41 1167.87 48.83
18740.00 4.41 1172.62 57.84
18756.75 4.31 1186.37 54.22
18773.00 4.41 1197.37 49.76
18789.00 4.41 1206.25 51.47
18805.12 4.40 1213.75 50.95
18822.00 4.41 1220.87 56.61
18838.00 4.41 1229.00 55.15
18854.12 4.40 1238.87 56.78
18871.00 4.41 1243.25 54.14
18887.00 4.41 1248.12 53.84
18903.12 4.40 1249.75 56.64
18920.00 4.41 1265.62 51.86
18936.00 4.41 1263.75 50.83
18952.25 4.52 1273.25 34.92
18969.00 4.54 1280.25 33.71
18985.12 4.53 1290.12 22.44
19002.25 4.52 1289.62 26.20
19019.00 4.41 1290.87 27.42
19035.25 4.52 1295.12 36.01
19052.00 4.41 1297.62 41.05
19068.12 4.40 1300.37 54.05
19084.87 4.43 1305.12 55.40
19101.00 4.41 1314.50 52.57
19117.12 4.40 1318.12 48.50
19133.87 4.43 1327.62 55.33
19150.00 4.41 1330.12 56.17
19166.12 4.40 1335.00 54.99
19182.87 4.43 1335.75 50.04
19199.00 4.41 1334.12 56.20
19215.00 4.41 1339.00 56.89
19231.75 4.31 1344.12 57.53
19248.00 4.41 1349.50 52.47
19264.00 4.41 1356.62 52.34
19280.75 4.31 1362.75 48.63
19297.00 4.41 1373.00 43.15
19313.00 4.41 1381.50 21.87
19329.75 4.31 1396.25 19.70
19346.00 4.41 1403.37 26.02
19362.00 4.41 1410.75 37.18
19378.12 4.40 1413.62 41.02
19395.00 4.41 1422.00 45.51
19411.00 4.41 1429.50 57.74
19427.12 4.40 1434.00 52.62
19444.00 4.41 1442.25 40.77
19460.00 4.41 1457.12 27.47
19476.12 4.40 1463.75 22.93
19493.00 4.41 1467.75 4.32
19509.00 4.41 1475.37 29.01
19525.12 4.40 1480.87 36.32
19541.87 4.43 1479.12 38.84
19558.00 4.41 1486.25 57.83
19574.12 4.40 1488.50 47.99
19590.87 4.43 1486.62 31.53
19607.00 4.41 1490.37 13.76
19623.12 4.40 1498.00 25.69
19639.87 4.43 1502.37 41.58
19656.00 4.41 1507.75 45.96
19672.00 4.41 1509.62 54.84
19688.75 4.31 1517.00 47.82
19705.00 4.41 1523.25 46.54
19721.00 4.41 1525.37 40.99
19737.75 4.31 1523.37 45.88
19754.00 4.41 1526.00 42.82
19770.00 4.41 1534.50 42.97
19786.75 4.31 1537.25 40.00
19803.00 4.41 1536.12 24.06
19819.00 4.41 1550.00 5.14
19835.12 4.40 1555.50 12.28
19852.00 4.41 1559.75 12.27
19868.00 4.41 1563.12 30.87
19884.12 4.40 1569.00 31.34
19901.00 4.41 1568.62 36.46
19917.00 4.41 1569.00 40.53
19933.12 4.40 1571.37 52.90
19950.12 4.53 1579.62 46.83
19966.12 4.53 1577.12 57.92
19982.25 4.52 1586.37 48.25
20000.00 4.41 1588.25 55.47
20016.12 4.40 1597.25 53.17
20032.87 4.30 1602.62 52.92
20049.00 4.41 1605.00 46.54
20065.87 4.30 1597.00 38.76
20081.87 4.30 1597.37 22.42
20098.00 4.41 1596.25 25.49
20114.87 4.30 1598.62 13.81
20130.87 4.30 1605.25 12.18
20147.00 4.41 1604.87 23.77
20163.87 4.30 1604.50 32.93
20179.87 4.30 1604.12 8.94
20196.00 4.41 1606.75 16.59
20212.75 4.31 1602.25 21.78
20228.87 4.30 1606.12 36.42
20245.00 4.41 1604.12 48.20
20261.75 4.31 1598.25 43.04
20277.87 4.30 1589.75 47.97
20294.00 4.41 1583.37 50.34
20310.75 4.31 1583.00 55.24
20326.87 4.30 1580.25 55.51
20343.00 4.41 1572.87 54.48
20359.75 4.31 1568.25 53.15
20375.87 4.30 1567.75 50.05
20391.87 4.30 1565.62 48.35
20408.12 4.40 1562.62 57.42
20424.87 4.30 1557.00 47.47
20440.87 4.30 1549.00 37.71
20457.00 4.41 1543.50 21.32
20473.87 4.30 1541.12 18.26
20489.87 4.30 1539.50 28.43
20506.00 4.41 1537.50 42.29
20522.87 4.30 1532.62 52.31
20538.87 4.30 1531.62 57.36
20555.00 4.41 1526.37 53.57
20571.87 4.30 1521.50 47.73
20587.87 4.30 1518.25 42.34
20604.00 4.41 1518.37 18.74
20620.87 4.30 1507.37 21.44
20636.87 4.30 1496.37 15.17
20653.00 4.41 1486.75 28.43
20669.75 4.31 1475.87 43.67
20685.87 4.30 1472.25 52.71
20702.00 4.41 1464.75 57.47
20718.75 4.31 1457.62 56.32
20734.87 4.30 1448.12 56.48
20751.00 4.41 1442.75 53.24
20767.75 4.31 1432.62 55.50
20783.87 4.30 1426.87 41.16
20800.00 4.41 1412.75 4.66
20816.75 4.31 1404.50 31.63
20832.87 4.30 1397.00 39.10
20848.87 4.30 1392.87 28.68
20865.12 4.40 1391.25 35.79
20881.87 4.30 1390.62 4.57
20897.87 4.30 1388.37 6.83
20914.00 4.41 1381.62 20.19
20930.87 4.30 1379.37 23.92
20946.87 4.30 1371.00 29.42
20963.00 4.41 1370.12 41.10
20979.87 4.30 1369.25 35.67
20996.00 4.41 1362.25 38.06
21013.62 4.19 1357.62 15.64
21029.87 4.30 1345.50 41.06
21046.50 4.21 1347.37 16.22
21062.75 4.18 1340.50 29.94
21078.87 4.30 1336.12 30.82
21095.00 4.28 1331.87 43.02
21111.62 4.19 1328.37 45.93
21127.87 4.30 1318.62 54.62
21144.00 4.28 1315.87 57.42
21160.62 4.19 1313.00 50.47
21176.87 4.30 1308.50 51.58
21193.00 4.28 1299.75 54.72
21209.62 4.19 1295.62 48.62
21225.75 4.18 1287.37 54.55
21241.87 4.30 1280.25 53.21
21258.62 4.19 1269.00 56.84
21274.75 4.18 1260.50 57.23
21290.87 4.30 1251.25 48.39
21307.62 4.19 1249.62 48.45
21323.75 4.18 1239.62 52.12
21339.87 4.30 1231.87 51.41
21356.62 4.19 1221.37 52.91
21372.75 4.18 1218.12 55.61
21388.87 4.30 1208.50 57.47
21405.62 4.19 1200.75 51.14
21421.75 4.18 1195.75 40.18
21437.87 4.30 1190.25 34.62
21454.62 4.19 1193.62 46.11
21470.75 4.18 1182.25 26.46
21486.87 4.30 1178.50 19.41
21503.62 4.19 1171.87 27.44
21519.75 4.18 1162.25 34.68
21535.87 4.30 1164.25 48.17
21552.00 4.28 1160.37 54.82
21568.62 4.19 1155.50 52.23
21584.87 4.30 1151.25 51.85
21601.00 4.28 1149.87 47.12
21617.62 4.19 1143.50 49.19
21633.87 4.30 1141.00 50.16
21650.00 4.28 1133.87 51.49
21666.62 4.19 1134.75 56.69
21682.75 4.18 1132.25 57.09
21698.87 4.30 1129.62 57.31
21715.62 4.19 1120.50 54.49
21731.75 4.18 1114.62 54.80
21747.87 4.30 1105.62 45.78
21764.62 4.19 1098.37 34.14
21780.75 4.18 1093.37 8.48
21796.87 4.30 1082.62 14.08
21813.62 4.19 1068.62 30.12
21829.75 4.18 1066.87 21.36
21845.87 4.30 1052.25 33.54
21862.62 4.19 1047.50 39.25
21878.75 4.18 1035.75 56.84
21894.87 4.30 1031.75 51.90
21911.62 4.19 1022.75 45.54
21927.75 4.18 1015.87 36.35
21943.87 4.30 1003.87 37.09
21960.75 4.31 1001.62 38.10
21977.00 4.41 999.87 24.47
21993.00 4.41 996.75 26.84
22010.75 4.31 996.75 54.86
22026.87 4.30 994.00 46.59
22043.50 4.21 983.75 38.17
22059.87 4.30 979.87 19.96
22076.50 4.21 971.37 36.65
22092.50 4.21 966.12 44.38
22108.75 4.31 964.50 49.57
22124.87 4.30 958.50 55.09
22141.50 4.21 959.50 56.48
22157.75 4.31 953.87 57.15
22173.87 4.30 950.75 57.16
22190.50 4.21 948.25 54.33
22206.75 4.31 934.50 44.96
22222.87 4.30 931.37 27.46
22239.50 4.21 931.62 10.93
22255.62 4.19 927.87 12.65
22271.87 4.30 925.25 15.60
22288.50 4.21 920.75 27.08
22304.62 4.19 916.50 37.08
22320.87 4.30 912.62 32.74
22337.50 4.21 909.37 31.95
22353.62 4.19 902.50 29.16
22369.87 4.30 908.12 6.21
22386.50 4.21 904.12 13.11
22402.50 4.21 897.62 24.23
22418.87 4.30 890.62 25.26
22435.50 4.21 884.00 35.38
22451.50 4.21 879.37 34.59
22467.87 4.30 878.00 44.00
22484.50 4.21 870.37 53.21
22500.50 4.21 870.00 52.10
22516.87 4.30 858.62 55.59
22533.50 4.21 869.37 32.20
22549.50 4.21 870.25 37.37
22565.75 4.31 862.62 53.40
22581.87 4.30 863.75 48.07
22598.50 4.21 868.25 49.22
22614.75 4.31 870.25 47.06
22630.87 4.30 869.87 43.56
22647.50 4.21 863.37 32.56
22663.75 4.31 868.50 33.38
22679.87 4.30 870.50 36.29
22696.50 4.21 870.87 44.52
22712.62 4.19 866.12 49.82
22728.87 4.30 869.00 48.66
22745.50 4.21 878.87 39.86
22761.62 4.19 883.75 35.86
22777.87 4.30 884.50 36.04
22794.50 4.21 884.50 42.98
22810.62 4.19 890.50 33.98
22826.87 4.30 896.00 36.60
22843.50 4.21 900.25 47.37
22859.50 4.21 904.25 51.41
22875.87 4.30 906.25 56.39
22892.50 4.21 912.37 44.59
22908.50 4.21 915.75 37.49
22924.87 4.30 919.62 31.21
22941.50 4.21 919.62 35.99
22957.62 4.33 931.00 12.83
22974.00 4.41 930.12 10.17
22990.62 4.33 933.00 40.43
23007.75 4.31 944.75 54.28
23023.87 4.30 945.37 48.22
23040.62 4.33 949.25 39.78
23056.87 4.30 951.12 22.23
23073.50 4.21 960.25 19.08
23089.87 4.30 969.50 40.47
23106.50 4.21 975.50 28.83
23122.50 4.21 974.50 26.20
23138.75 4.31 990.00 28.23
23154.87 4.30 996.12 34.28
23171.50 4.21 1006.37 46.19
23187.75 4.31 1010.87 54.29
23203.87 4.30 1021.62 49.32
23220.50 4.21 1031.37 36.00
23236.75 4.31 1039.75 32.46
23252.87 4.30 1045.12 25.22
23269.50 4.21 1051.37 8.68
23285.62 4.19 1056.75 28.65
23301.87 4.30 1067.75 42.77
23318.50 4.21 1069.00 19.65
23334.62 4.19 1075.12 18.75
23350.87 4.30 1077.25 28.44
23367.50 4.21 1087.50 16.54
23383.62 4.19 1087.25 14.25
23399.87 4.30 1093.37 21.14
23416.50 4.21 1091.75 11.26
23432.50 4.21 1097.50 26.15
23448.87 4.30 1108.87 14.73
23465.50 4.21 1113.37 15.28
23481.50 4.21 1113.12 17.22
23497.87 4.30 1118.62 17.28
23514.50 4.21 1122.25 18.43
23530.50 4.21 1128.37 6.91
23546.87 4.30 1129.37 27.81
23563.50 4.21 1132.62 37.34
23579.50 4.21 1141.75 49.54
23595.75 4.31 1145.25 51.14
23611.87 4.30 1149.62 57.63
23628.50 4.21 1154.00 56.29
23644.75 4.31 1154.25 50.28
23660.87 4.30 1164.25 52.07
23677.50 4.21 1174.75 47.10
23693.75 4.31 1187.62 54.44
23709.87 4.30 1192.37 50.63
23726.50 4.21 1198.12 52.66
23742.62 4.19 1208.25 52.51
23758.87 4.30 1227.12 50.36
23775.50 4.21 1220.75 48.79
23791.62 4.19 1230.37 55.63
23807.87 4.30 1243.00 51.81
23824.50 4.21 1252.50 56.38
23840.62 4.19 1258.25 52.49
23856.87 4.30 1264.25 55.38
23873.50 4.21 1266.75 53.11
23889.50 4.21 1268.87 57.53
23905.87 4.30 1276.75 35.57
23922.50 4.21 1283.25 12.96
23938.50 4.21 1288.12 16.04
23955.00 4.41 1293.25 28.97
23971.62 4.33 1295.87 44.24
23987.75 4.44 1301.12 48.69
24004.87 4.30 1300.50 40.04
24021.75 4.31 1306.87 42.39
24037.87 4.30 1311.25 53.37
24054.50 4.21 1311.87 57.55
24070.87 4.30 1320.00 43.94
24087.50 4.21 1324.12 49.01
24103.50 4.21 1330.37 48.26
24119.87 4.30 1328.25 55.17
24136.50 4.21 1340.12 53.44
24152.50 4.21 1341.75 56.33
24168.75 4.31 1350.12 53.45
24184.87 4.30 1349.50 57.42
24201.50 4.21 1355.62 50.83
24217.75 4.31 1361.87 55.46
24233.87 4.30 1369.37 49.49
24250.50 4.21 1378.75 38.66
24266.75 4.31 1390.25 30.48
24282.87 4.30 1396.62 27.63
24299.50 4.21 1404.12 41.39
24315.62 4.19 1412.87 48.53
24331.87 4.30 1418.25 55.95
24348.50 4.21 1422.62 52.11
24364.62 4.19 1431.87 53.52
24380.87 4.30 1441.87 56.08
24397.50 4.21 1450.75 51.91
24413.62 4.19 1457.25 42.94
24429.87 4.30 1470.12 21.27
24446.50 4.21 1468.62 38.26
24462.50 4.21 1474.50 48.31
24478.87 4.30 1488.00 47.81
24495.50 4.21 1480.37 48.06
24511.50 4.21 1489.00 52.75
24527.87 4.30 1493.25 42.25
24544.50 4.21 1494.00 22.13
24560.50 4.21 1495.87 6.58
24576.87 4.30 1499.62 26.07
24593.50 4.21 1505.62 41.68
24609.50 4.21 1511.75 42.02
24625.75 4.31 1514.37 56.35
24641.87 4.30 1518.62 53.54
24658.50 4.21 1524.25 42.34
24674.75 4.31 1525.37 30.78
24690.87 4.30 1530.62 29.27
24707.50 4.21 1530.25 38.02
24723.75 4.31 1536.25 31.13
24739.87 4.30 1541.50 41.89
24756.50 4.21 1544.62 37.30
24772.62 4.19 1552.50 36.68
24788.87 4.30 1546.75 31.29
24805.50 4.21 1560.00 14.61
24821.62 4.19 1565.62 15.35
24837.87 4.30 1565.37 23.13
24854.50 4.21 1568.75 24.73
24870.62 4.19 1577.62 42.44
24886.87 4.30 1580.75 45.55
24903.50 4.21 1585.37 53.33
24919.50 4.21 1591.25 56.25
24935.87 4.30 1589.12 45.76
24952.62 4.33 1593.00 42.25
24968.75 4.44 1595.12 34.69
24985.00 4.41 1599.12 26.61
25002.62 4.33 1604.62 48.17
25018.87 4.30 1604.37 50.97
25035.50 4.21 1604.25 35.99
25051.87 4.30 1600.37 25.39
25068.50 4.21 1602.00 8.31
25084.50 4.21 1601.62 9.97
25100.87 4.30 1601.00 10.06
25117.50 4.21 1600.37 21.79
25133.50 4.21 1604.75 19.95
25149.87 4.30 1601.37 17.77
25166.50 4.21 1603.12 29.26
25182.50 4.21 1599.12 36.98
25198.75 4.31 1599.50 43.94
25214.87 4.30 1598.37 46.97
25231.50 4.21 1592.50 49.35
25247.75 4.31 1585.37 52.95
25263.87 4.30 1581.00 57.31
25280.50 4.21 1575.00 55.12
25296.75 4.31 1572.25 53.26
25312.87 4.30 1566.62 55.81
25329.50 4.21 1568.87 56.82
25345.62 4.19 1568.00 55.21
25361.87 4.30 1564.50 55.67
25378.50 4.21 1556.62 49.83
25394.62 4.19 1553.37 31.59
25410.87 4.30 1544.50 27.89
25427.50 4.21 1542.50 16.62
25443.62 4.19 1541.12 41.52
25459.87 4.30 1536.25 46.85
25476.50 4.21 1530.75 49.90
25492.50 4.21 1525.75 55.72
25508.87 4.30 1524.75 52.81
25525.50 4.21 1518.62 27.48
25541.50 4.21 1517.62 19.71
25557.87 4.30 1506.25 20.16
25574.50 4.21 1503.12 5.36
25590.50 4.21 1495.12 29.90
25606.87 4.30 1476.50 13.95
25623.50 4.21 1473.75 42.34
25639.50 4.21 1465.00 53.96
25655.75 4.31 1458.12 53.99
25671.87 4.30 1448.25 50.94
25688.50 4.21 1443.75 46.42
25704.75 4.31 1437.50 44.65
25720.87 4.30 1432.25 37.91
25737.50 4.21 1425.25 25.83
25753.75 4.31 1413.50 20.23
25769.87 4.30 1404.75 29.57
25786.50 4.21 1398.25 25.44
25802.62 4.19 1396.50 24.55
25818.87 4.30 1392.00 8.89
25835.50 4.21 1386.37 5.47
25851.62 4.19 1382.00 34.51
25867.87 4.30 1378.12 27.48
25884.50 4.21 1376.00 19.99
25900.62 4.19 1371.12 22.48
25916.87 4.30 1363.75 29.87
25933.50 4.21 1361.37 35.17
25949.50 4.21 1357.37 37.84
25966.00 4.41 1352.62 29.21
25982.62 4.33 1346.50 7.91
25999.87 4.30 1341.25 35.75
26016.00 4.28 1337.62 31.63
26032.75 4.18 1333.50 44.94
26049.00 4.28 1335.50 46.45
26065.75 4.18 1331.62 54.57
26081.75 4.18 1329.50 56.67
26098.12 4.27 1323.62 51.45
26114.75 4.18 1315.00 47.56
26130.75 4.18 1304.62 54.87
26147.12 4.27 1296.25 56.77
26163.75 4.18 1285.62 55.64
26179.75 4.18 1278.00 51.92
26196.12 4.27 1274.37 53.81
26212.12 4.27 1266.25 56.95
26228.75 4.18 1259.62 49.41
26245.00 4.28 1249.75 54.01
26261.12 4.27 1243.87 47.56
26277.75 4.18 1234.25 45.40
26294.00 4.28 1224.50 45.60
26310.12 4.27 1215.00 47.06
26326.75 4.18 1207.37 55.48
26342.87 4.17 1197.62 57.35
26359.12 4.27 1195.87 47.94
26375.75 4.18 1188.37 39.33
26391.87 4.17 1185.50 33.94
26408.12 4.27 1185.25 12.12
26424.75 4.18 1184.37 7.61
26440.87 4.17 1182.87 26.94
26457.12 4.27 1179.75 37.05
26473.75 4.18 1167.37 46.57
26489.87 4.17 1164.25 51.94
26506.12 4.27 1165.37 48.61
26522.75 4.18 1157.00 55.04
26538.75 4.18 1145.50 52.70
26555.12 4.27 1144.75 55.41
26571.75 4.18 1144.75 51.56
26587.75 4.18 1140.87 50.07
26604.12 4.27 1133.12 49.20
26620.75 4.18 1133.62 56.72
26636.75 4.18 1129.00 57.38
26653.12 4.27 1123.25 56.09
26669.12 4.27 1117.00 56.42
26685.75 4.18 1108.12 54.91
26702.00 4.28 1097.50 41.99
26718.12 4.27 1089.12 35.01
26734.75 4.18 1080.37 3.14
26751.00 4.28 1075.62 15.43
26767.12 4.27 1066.00 20.43
26783.75 4.18 1063.25 40.21
26799.87 4.17 1056.75 37.27
26816.12 4.27 1051.62 44.86
26832.75 4.18 1035.62 52.56
26848.87 4.17 1028.87 48.13
26865.12 4.27 1018.37 39.34
26881.75 4.18 1013.75 38.25
26897.87 4.17 1003.50 28.92
26914.12 4.27 997.25 19.14
26930.75 4.18 999.37 31.36
26946.87 4.17 998.75 36.56
26963.25 4.39 988.50 53.87
26979.87 4.30 987.50 52.07
26995.87 4.30 976.00 30.66
27013.12 4.27 974.37 16.25
27029.75 4.18 967.00 22.89
27045.87 4.17 960.87 46.61
27062.75 4.18 960.50 53.20
27078.75 4.18 956.12 57.15
27095.50 4.08 957.25 55.31
27111.75 4.18 951.12 51.56
27127.75 4.18 950.87 56.20
27144.50 4.08 944.12 43.50
27160.62 4.06 939.37 44.95
27176.75 4.18 930.12 25.21
27193.50 4.08 932.75 20.80
27209.62 4.06 928.12 9.38
27225.75 4.18 923.62 5.85
27241.87 4.17 920.62 26.18
27258.62 4.06 919.50 21.13
27274.75 4.18 912.37 29.82
27290.75 4.18 907.37 32.07
27307.62 4.06 902.12 34.05
27323.75 4.18 894.62 39.48
27339.75 4.18 891.87 33.54
27356.50 4.08 887.50 41.57
27372.75 4.18 885.37 35.34
27388.75 4.18 882.25 42.32
27405.50 4.08 874.87 38.59
27421.75 4.18 875.87 43.64
27437.75 4.18 870.87 54.30
27454.50 4.08 866.12 52.89
27470.75 4.18 867.12 51.06
27486.75 4.18 868.87 31.39
27503.50 4.08 866.25 23.92
27519.75 4.18 869.75 32.94
27535.75 4.18 865.62 40.75
27552.50 4.08 868.75 43.36
27568.75 4.18 868.50 46.75
27584.75 4.18 867.75 37.89
27601.50 4.08 866.87 34.11
27617.62 4.06 867.00 12.95
27633.75 4.18 870.50 30.28
27650.50 4.08 867.87 47.19
27666.62 4.06 867.75 50.38
27682.75 4.18 872.75 49.64
27698.87 4.17 872.50 49.23
27715.62 4.06 878.75 51.36
27731.75 4.18 885.37 43.54
27747.75 4.18 888.50 46.00
27764.62 4.06 886.25 45.52
27780.75 4.18 896.37 39.84
27796.75 4.18 900.50 44.17
27813.50 4.08 906.37 53.14
27829.75 4.18 911.00 56.99
27845.75 4.18 912.87 44.67
27862.50 4.08 920.37 35.04
27878.75 4.18 931.62 22.83
27894.75 4.18 925.62 17.69
27911.50 4.08 928.75 9.83
27927.75 4.18 932.62 7.70
27943.75 4.18 940.12 36.44
27960.62 4.19 943.37 46.82
27976.87 4.30 942.50 56.60
27992.87 4.30 947.75 29.30
28010.62 4.19 951.25 12.70
28026.75 4.18 955.25 38.58
28043.00 4.28 968.25 46.24
28059.62 4.19 978.50 43.19
28075.87 4.17 986.12 42.90
28092.00 4.28 995.12 47.96
28108.62 4.19 997.50 43.63
28124.87 4.17 1008.50 45.25
28141.00 4.28 1014.25 54.68
28157.62 4.19 1022.00 47.40
28173.87 4.17 1031.25 44.43
28189.87 4.17 1040.87 16.00
28206.62 4.19 1055.12 15.71
28222.87 4.17 1061.12 37.91
28238.87 4.17 1065.62 36.74
28255.62 4.19 1069.00 22.68
28271.75 4.18 1071.62 8.66
28287.87 4.17 1079.25 4.21
28304.62 4.19 1077.62 25.86
28320.75 4.18 1084.75 25.44
28336.87 4.17 1090.12 19.31
28353.62 4.19 1096.87 12.57
28369.75 4.18 1097.75 17.12
28385.87 4.17 1106.00 10.52
28402.00 4.28 1106.75 26.29
28418.75 4.18 1115.37 31.67
28434.87 4.17 1117.75 20.73
28451.00 4.28 1121.12 19.79
28467.62 4.19 1125.37 14.05
28483.87 4.17 1128.12 13.08
28500.00 4.28 1132.75 27.89
28516.62 4.19 1139.25 33.66
28532.87 4.17 1142.25 45.78
28549.00 4.28 1145.37 54.34
28565.62 4.19 1152.75 56.30
28581.87 4.17 1159.37 47.70
28598.00 4.28 1165.50 52.59
28614.62 4.19 1173.25 54.17
28630.87 4.17 1175.87 57.16
28646.87 4.17 1186.25 57.03
28663.62 4.19 1194.87 57.40
28679.87 4.17 1201.37 51.03
28695.87 4.17 1211.00 53.76
28712.62 4.19 1222.37 54.30
28728.75 4.18 1231.75 50.08
28744.87 4.17 1236.50 56.92
28761.62 4.19 1246.87 57.11
28777.75 4.18 1258.00 49.15
28793.87 4.17 1261.37 49.93
28810.62 4.19 1270.75 56.84
28826.75 4.18 1275.62 38.84
28842.87 4.17 1274.00 39.84
28859.00 4.28 1278.50 23.63
28875.75 4.18 1284.75 12.35
28891.87 4.17 1289.75 14.40
28908.00 4.28 1294.25 34.30
28924.62 4.19 1296.37 30.18
28940.87 4.17 1304.37 46.82
28957.12 4.40 1307.00 49.87
28973.75 4.31 1310.50 55.00
28990.12 4.40 1308.75 56.65
29007.62 4.19 1318.50 54.87
29024.00 4.28 1321.87 55.88
29040.00 4.28 1326.37 53.99
29056.87 4.17 1327.37 55.63
29073.00 4.28 1335.12 51.36
29089.62 4.19 1342.50 53.56
29105.87 4.17 1339.37 51.95
29122.00 4.28 1352.75 50.04
29138.62 4.19 1356.25 57.42
29154.87 4.17 1360.00 48.43
29171.00 4.28 1364.25 53.94
29187.62 4.19 1376.00 45.47
29203.87 4.17 1384.12 36.29
29219.87 4.17 1390.62 17.26
29236.62 4.19 1399.12 21.04
29252.87 4.17 1406.50 34.18
29268.87 4.17 1417.25 52.74
29285.62 4.19 1427.87 55.58
29301.75 4.18 1432.00 55.67
29317.87 4.17 1438.37 56.28
29334.62 4.19 1447.12 50.56
29350.75 4.18 1453.12 53.38
29366.87 4.17 1462.87 43.42
29383.62 4.19 1463.87 10.24
29399.75 4.18 1471.50 32.27
29415.87 4.17 1477.00 57.02
29432.00 4.28 1480.75 50.21
29448.75 4.18 1486.25 41.64
29464.87 4.17 1491.00 40.64
29481.00 4.28 1489.62 26.83
29497.62 4.19 1498.25 10.66
29513.87 4.17 1505.62 33.02
29530.00 4.28 1502.50 36.44
29546.62 4.19 1507.50 42.03
29562.87 4.17 1511.37 50.31
29579.00 4.28 1516.50 52.52
29595.62 4.19 1518.87 54.07
29611.87 4.17 1525.25 48.59
29628.00 4.28 1528.62 35.47
29644.62 4.19 1537.62 19.93
29660.87 4.17 1540.12 20.56
29676.87 4.17 1540.12 20.87
29693.62 4.19 1538.75 34.35
29709.87 4.17 1549.87 37.50
29725.87 4.17 1554.25 31.34
29742.62 4.19 1553.50 32.01
29758.75 4.18 1561.62 31.82
29774.87 4.17 1565.87 7.56
29791.62 4.19 1571.75 22.92
29807.75 4.18 1575.50 23.02
29823.87 4.17 1578.87 37.26
29840.62 4.19 1584.25 39.99
29856.75 4.18 1579.62 28.73
29872.87 4.17 1594.00 57.47
29889.00 4.28 1596.25 52.77
29905.75 4.18 1599.62 45.38
29921.87 4.17 1600.12 17.41
29938.00 4.28 1602.62 19.64
29954.75 4.31 1601.25 24.31
29971.12 4.40 1602.12 28.02
29987.12 4.40 1601.87 37.40
30004.87 4.30 1605.37 42.35
30021.62 4.19 1598.50 24.20
30037.75 4.18 1599.75 18.93
30054.00 4.28 1603.75 24.33
30070.62 4.19 1602.75 31.21
30086.87 4.17 1600.50 30.96
30103.00 4.28 1602.62 20.95
30119.62 4.19 1602.37 37.74
30135.87 4.17 1600.87 41.01
30152.00 4.28 1597.00 43.24
30168.62 4.19 1594.37 37.91
30184.87 4.17 1588.75 45.59
30201.00 4.28 1586.12 57.70
30217.62 4.19 1584.25 56.55
30233.87 4.17 1576.37 57.41
30249.87 4.17 1570.37 49.13
30266.62 4.19 1569.62 43.29
30282.87 4.17 1566.00 45.34
30298.87 4.17 1561.62 50.59
30315.62 4.19 1562.87 54.76
30331.75 4.18 1556.37 51.80
30347.87 4.17 1552.00 41.60
30364.62 4.19 1546.25 28.12
30380.75 4.18 1536.50 24.96
30396.87 4.17 1534.00 46.34
30413.62 4.19 1533.62 55.73
30429.75 4.18 1528.12 55.91
30445.87 4.17 1520.12 50.24
30462.00 4.28 1522.12 44.09
30478.75 4.18 1519.75 35.03
30494.87 4.17 1515.62 16.09
30511.00 4.28 1500.37 13.02
30527.62 4.19 1494.75 16.43
30543.87 4.17 1486.50 29.95
30560.00 4.28 1476.62 45.54
30576.62 4.19 1471.75 51.66
30592.87 4.17 1462.00 57.04
30609.00 4.28 1454.37 49.60
30625.62 4.19 1448.75 38.79
30641.87 4.17 1439.62 29.63
30658.00 4.28 1433.00 35.64
30674.62 4.19 1425.75 33.58
30690.87 4.17 1415.12 30.29
30706.87 4.17 1413.75 1.15
30723.62 4.19 1402.75 12.20
30739.87 4.17 1397.75 29.16
30755.87 4.17 1388.50 5.97
30772.62 4.19 1388.62 16.99
30788.75 4.18 1384.87 11.52
30804.87 4.17 1380.12 18.84
30821.62 4.19 1372.25 10.41
30837.75 4.18 1371.75 34.65
30853.87 4.17 1367.50 27.89
30870.62 4.19 1361.75 19.77
30886.75 4.18 1359.75 28.55
30902.87 4.17 1353.75 28.49
30919.00 4.28 1347.12 7.54
30935.75 4.18 1350.12 23.05
30952.00 4.28 1341.87 16.46
30968.12 4.40 1338.12 47.35
30984.75 4.31 1328.37 44.83
31002.00 4.28 1332.37 46.22
31018.75 4.18 1326.12 46.32
31035.00 4.28 1324.50 54.25
31051.75 4.18 1322.00 53.00
31067.87 4.17 1308.12 52.70
31084.00 4.28 1299.50 54.25
31100.62 4.19 1284.75 56.85
31116.87 4.17 1283.50 49.53
31133.00 4.28 1270.87 54.34
31149.62 4.19 1264.75 54.18
31165.87 4.17 1254.75 46.30
31182.00 4.28 1249.12 53.32
31198.62 4.19 1239.75 56.12
31214.87 4.17 1233.62 57.51
31231.00 4.28 1227.62 52.86
31247.62 4.19 1218.62 56.15
31263.87 4.17 1214.12 54.88
31279.87 4.17 1204.50 55.53
31296.62 4.19 1198.62 55.15
31312.87 4.17 1196.62 43.67
31328.87 4.17 1189.37 35.05
31345.62 4.19 1187.00 23.96
31361.75 4.18 1185.37 20.80
31377.87 4.17 1176.62 41.51
31394.62 4.19 1177.62 41.72
31410.75 4.18 1174.37 41.27
31426.87 4.17 1167.75 46.33
31443.62 4.19 1163.87 53.18
31459.75 4.18 1153.37 55.93
31475.87 4.17 1153.00 56.57
31492.00 4.28 1144.87 49.23
31508.75 4.18 1139.75 54.14
31524.87 4.17 1137.87 54.45
31541.00 4.28 1138.87 55.61
31557.62 4.19 1125.87 53.57
31573.87 4.17 1128.87 54.24
31590.00 4.28 1124.37 51.40
31606.62 4.19 1123.37 50.69
31622.87 4.17 1115.87 49.60
31639.00 4.28 1106.37 54.07
31655.62 4.19 1098.50 41.93
31671.87 4.17 1086.62 22.10
31688.00 4.28 1079.00 29.96
31704.62 4.19 1070.25 28.16
31720.87 4.17 1064.00 44.59
31736.87 4.17 1056.50 47.33
31753.62 4.19 1053.62 51.97
31769.87 4.17 1043.87 52.54
31785.87 4.17 1035.00 54.73
31802.62 4.19 1023.25 49.20
31818.75 4.18 1012.75 43.30
31834.87 4.17 1010.75 23.10
31851.62 4.19 1000.00 30.86
31867.75 4.18 1000.62 48.72
31883.87 4.17 989.50 46.69
31900.62 4.19 987.37 57.74
31916.75 4.18 983.87 55.19
31932.87 4.17 972.62 43.13
31949.00 4.28 973.50 32.70
31965.87 4.30 976.12 21.44
31982.00 4.28 977.37 30.44
31999.75 4.18 964.87 56.41
32016.62 4.06 961.50 52.23
32032.62 4.06 957.25 48.90
32049.50 4.08 953.62 50.29
32065.62 4.06 952.12 46.64
32081.62 4.06 946.37 46.84
32098.50 4.08 942.37 45.43
32114.62 4.06 935.50 38.60
32130.62 4.06 932.87 32.94
32147.50 4.08 923.75 18.63
32163.50 4.08 924.12 26.77
32179.62 4.06 919.37 33.51
32196.50 4.08 914.87 20.02
32212.50 4.08 911.62 13.08
32228.62 4.06 909.25 12.98
32245.50 4.08 899.62 28.01
32261.50 4.08 897.62 32.70
32277.62 4.06 891.12 44.41
32294.50 4.08 891.50 44.67
32310.50 4.08 888.62 44.15
32326.62 4.06 884.62 47.06
32343.37 3.96 875.87 49.96
32359.50 4.08 876.75 34.41
32375.62 4.06 874.87 43.35
32392.25 3.98 872.37 51.88
32408.50 4.08 866.87 54.77
32424.62 4.06 866.12 50.34
32441.25 3.98 870.00 48.36
32457.50 4.08 874.12 37.70
32473.62 4.06 869.25 40.05
32490.25 3.98 870.62 37.76
32506.50 4.08 867.87 34.58
32522.62 4.06 868.75 32.27
32538.62 4.06 863.25 34.94
32555.50 4.08 867.12 31.90
32571.62 4.06 863.00 5.89
32587.62 4.06 864.25 25.60
32604.50 4.08 867.25 43.49
32620.50 4.08 867.25 46.43
32636.62 4.06 872.62 46.74
32653.50 4.08 877.12 53.41
32669.50 4.08 881.62 52.16
32685.62 4.06 885.37 51.87
32702.50 4.08 892.25 49.33
32718.50 4.08 894.37 46.45
32734.62 4.06 898.87 43.17
32751.50 4.08 905.50 46.45
32767.50 4.08 906.37 50.50
32783.62 4.06 910.12 57.07
32800.37 3.96 916.25 46.84
32816.50 4.08 924.87 30.62
32832.62 4.06 930.25 19.42
32849.25 3.98 932.37 16.48
32865.50 4.08 934.12 35.92
32881.62 4.06 932.87 44.90
32898.25 3.98 935.50 57.28
32914.50 4.08 942.12 55.08
32930.62 4.06 945.62 45.61
32947.25 3.98 947.25 27.51
32963.62 4.19 952.25 29.57
32979.75 4.18 961.75 29.35
32995.87 4.30 968.50 39.96
33013.62 4.06 982.25 51.18
33029.62 4.06 988.00 52.47
33046.50 4.08 1000.12 53.79
33062.62 4.06 1001.62 50.25
33078.62 4.06 1015.12 51.31
33095.50 4.08 1022.50 56.49
33111.62 4.06 1030.37 48.73
33127.62 4.06 1036.25 40.03
33144.50 4.08 1049.37 13.95
33160.62 4.06 1057.75 22.13
33176.62 4.06 1065.12 42.69
33193.50 4.08 1067.87 35.74
33209.62 4.06 1070.25 25.02
33225.62 4.06 1070.12 22.00
33242.50 4.08 1077.75 21.61
33258.50 4.08 1080.62 12.22
33274.62 4.06 1083.62 11.43
33290.87 4.17 1089.75 13.44
33307.50 4.08 1099.50 18.09
33323.62 4.06 1098.62 5.21
33339.87 4.17 1105.75 14.33
33356.50 4.08 1105.62 15.62
33372.62 4.06 1112.25 22.20
33388.75 4.05 1117.00 29.91
33405.50 4.08 1123.50 34.26
33421.62 4.06 1125.62 21.97
33437.75 4.05 1131.87 27.09
33454.50 4.08 1135.25 31.85
33470.62 4.06 1142.75 36.14
