2.00 0.35 1594.00 51.68
23.50 4.21 1591.87 46.45
39.50 4.21 1589.50 39.90
56.12 4.13 1590.37 42.48
72.37 4.23 1594.25 52.26
88.75 4.18 1593.75 51.02
105.12 4.13 1592.00 46.78
121.37 4.23 1593.37 50.25
137.75 4.18 1593.75 51.13
154.12 4.13 1592.50 48.04
170.37 4.23 1593.50 50.42
186.75 4.18 1587.50 33.41
203.12 4.13 1589.25 39.24
219.37 4.23 1587.37 32.96
235.75 4.18 1590.75 43.51
252.12 4.13 1588.37 36.38
268.37 4.23 1594.12 52.06
284.75 4.18 1595.50 55.05
301.12 4.13 1592.62 48.37
317.37 4.23 1595.37 54.77
333.75 4.18 1597.62 56.43
350.12 4.13 1592.37 47.78
366.37 4.23 1596.25 56.70
382.50 4.21 1592.50 48.07
398.75 4.18 1587.25 32.46
415.37 4.23 1585.37 25.05
431.50 4.21 1274.75 42.39
447.75 4.18 1276.62 49.00
464.37 4.23 1275.00 43.39
480.50 4.21 1273.25 36.54
496.75 4.18 1271.25 26.25
513.12 4.13 1270.37 20.30
529.37 4.23 1271.37 27.00
545.75 4.18 1269.62 13.02
562.12 4.13 1270.37 20.36
578.37 4.23 1273.62 38.08
594.75 4.18 956.87 53.43
611.12 4.13 953.75 40.10
627.37 4.23 955.87 49.66
643.75 4.18 956.87 53.46
660.12 4.13 955.62 48.50
676.37 4.23 954.75 44.75
692.75 4.18 955.50 47.98
709.12 4.13 955.37 47.52
725.37 4.23 955.00 45.98
741.75 4.18 955.62 48.61
758.12 4.13 954.87 45.33
774.37 4.23 955.37 47.45
790.75 4.18 955.37 47.46
807.12 4.13 957.75 56.57
823.37 4.23 958.37 57.10
839.50 4.21 955.75 49.02
855.75 4.18 954.87 45.38
872.37 4.23 954.00 41.36
888.50 4.21 951.62 27.60
904.75 4.18 953.37 38.16
921.37 4.23 952.25 31.77
937.50 4.21 956.87 53.41
953.87 4.30 956.12 50.53
970.37 4.36 956.50 51.97
986.50 4.34 637.00 46.75
1004.25 4.24 639.12 34.21
1020.37 4.23 637.12 46.10
1036.75 4.18 637.50 44.13
1053.37 4.23 633.25 52.36
1069.50 4.21 634.00 55.66
1085.75 4.18 634.50 57.74
1102.37 4.23 635.75 52.74
1118.50 4.21 634.25 56.68
1134.75 4.18 638.50 38.33
1151.12 4.13 639.00 35.02
1167.37 4.23 640.12 26.23
1183.75 4.18 636.37 49.80
1200.12 4.13 635.12 55.46
1216.37 4.23 633.87 55.09
1232.75 4.18 632.87 50.60
1249.12 4.13 952.37 32.57
1265.37 4.23 955.75 49.02
1281.75 4.18 956.25 51.05
1298.12 4.13 956.37 51.52
1314.37 4.23 955.12 46.40
1330.75 4.18 957.87 57.02
1347.12 4.13 957.62 56.14
1363.37 4.23 957.62 56.11
1379.75 4.18 956.37 51.49
1396.12 4.13 954.25 42.45
1412.37 4.23 953.75 40.06
1428.75 4.18 951.12 23.80
1445.12 4.13 951.75 28.55
1461.37 4.23 952.50 33.29
1477.50 4.21 952.50 33.29
1493.75 4.18 954.25 42.46
1510.37 4.23 957.75 56.57
1526.50 4.21 957.25 54.80
1542.75 4.18 637.50 44.13
1559.37 4.23 636.87 47.37
1575.50 4.21 636.75 48.01
1591.75 4.18 635.62 53.26
1608.12 4.13 634.50 57.73
1624.37 4.23 634.12 56.16
1640.75 4.18 633.87 55.09
1657.12 4.13 635.25 54.97
1673.37 4.23 635.50 53.88
1689.75 4.18 635.37 54.43
1706.12 4.13 638.87 35.87
1722.37 4.23 638.12 40.54
1738.75 4.18 637.50 44.13
1755.12 4.13 636.75 48.00
1771.37 4.23 636.50 49.24
1787.75 4.18 633.50 53.47
1804.12 4.13 951.25 24.79
1820.37 4.23 951.87 29.34
1836.75 4.18 952.12 30.97
1853.12 4.13 955.25 46.94
1869.37 4.23 958.87 55.28
1885.75 4.18 959.75 52.04
1902.12 4.13 958.62 56.20
1918.37 4.23 956.75 52.93
1934.50 4.21 955.87 49.49
1951.00 4.41 956.00 50.00
1967.50 4.34 952.50 33.32
1983.75 4.44 953.50 38.88
2001.25 4.24 952.50 33.29
2017.62 4.20 954.50 43.61
2034.25 4.24 956.37 51.51
2050.37 4.23 957.50 55.69
2066.75 4.18 955.87 49.52
2083.25 4.24 956.37 51.47
2099.50 4.21 633.37 52.89
2115.50 4.21 633.62 54.02
2131.87 4.30 634.50 57.75
2148.50 4.21 635.50 53.86
2164.50 4.21 634.62 57.61
2180.75 4.18 637.37 44.80
2197.37 4.23 637.87 42.01
2213.50 4.21 640.25 25.05
2229.75 4.18 635.87 52.12
2246.25 4.24 635.25 54.88
2262.50 4.21 635.87 52.15
2278.75 4.18 635.87 52.17
2295.25 4.24 635.62 53.31
2311.50 4.21 635.12 55.51
2327.75 4.18 640.00 27.31
2344.25 4.24 639.87 28.40
2360.50 4.21 957.37 55.22
2376.75 4.18 955.50 47.99
2393.25 4.24 955.25 46.92
2409.50 4.21 958.12 57.86
2425.75 4.18 958.12 57.88
2442.25 4.24 957.37 55.22
2458.50 4.21 957.00 53.83
2474.75 4.18 954.12 41.94
2491.25 4.24 953.12 36.89
2507.50 4.21 953.62 39.46
2523.75 4.18 954.37 43.09
2540.25 4.24 955.12 46.40
2556.50 4.21 959.37 53.51
2572.50 4.21 959.37 53.50
2588.87 4.30 958.50 56.68
2605.50 4.21 955.25 47.02
2621.50 4.21 953.87 40.74
2637.75 4.18 954.37 43.11
2654.37 4.23 954.62 44.20
2670.50 4.21 956.75 52.91
2686.75 4.18 955.62 48.60
2703.25 4.24 956.62 52.62
2719.50 4.21 955.12 46.50
2735.75 4.18 955.87 49.53
2752.25 4.24 954.62 44.19
2768.50 4.21 956.50 51.95
2784.75 4.18 958.50 56.67
2801.25 4.24 958.00 57.45
2817.50 4.21 957.50 55.66
2833.75 4.18 954.50 43.68
2850.25 4.24 952.87 35.59
2866.50 4.21 953.37 38.25
2882.75 4.18 954.37 43.04
2899.25 4.24 954.25 42.47
2915.50 4.21 1271.12 25.42
2931.75 4.18 1274.50 41.58
2948.25 4.24 1274.37 41.09
2964.62 4.33 1273.50 37.52
2981.00 4.41 1270.87 23.96
2997.37 4.36 1275.00 43.40
3014.50 4.21 1275.62 45.59
3030.87 4.30 1274.12 40.11
3047.37 4.23 1276.00 47.05
3063.50 4.21 1273.12 35.87
3080.00 4.28 1591.00 44.13
3096.37 4.23 1591.37 45.11
3112.50 4.21 1598.00 55.60
3129.00 4.28 1592.87 49.03
3145.37 4.23 1598.62 54.25
3161.50 4.21 1594.00 51.59
3178.00 4.28 1592.62 48.34
3194.37 4.23 1591.37 45.19
3210.50 4.21 1593.37 50.26
3226.87 4.30 1590.00 41.32
3243.37 4.23 1591.75 46.07
3259.50 4.21 1588.87 38.01
3275.62 4.33 1593.50 50.52
3292.37 4.23 1593.12 49.59
3308.50 4.21 1589.75 40.63
3324.62 4.33 1590.62 43.18
3341.00 4.28 1593.87 51.34
3357.37 4.23 1593.50 50.47
3373.50 4.21 1592.62 48.37
3390.00 4.28 1586.87 31.16
3406.37 4.23 1589.12 38.93
3422.50 4.21 1591.00 44.34
3439.00 4.28 1590.62 43.17
3455.37 4.23 1591.62 45.80
3471.50 4.21 1915.00 38.65
3488.00 4.28 1914.25 40.65
3504.37 4.23 1914.87 39.41
3520.50 4.21 1911.25 46.26
3537.00 4.28 1913.37 42.49
3553.37 4.23 1909.50 49.16
3569.50 4.21 1914.62 39.88
3586.00 4.28 1912.00 44.92
3602.37 4.23 1913.87 41.41
3618.50 4.21 1908.25 51.15
3635.00 4.28 1915.12 38.83
3651.37 4.23 1912.12 44.68
3667.50 4.21 1911.12 46.51
3683.87 4.30 1907.50 52.30
3700.37 4.23 1919.25 27.87
3716.50 4.21 1596.37 56.85
3732.62 4.33 1595.62 55.23
3749.37 4.23 1594.25 52.14
3765.50 4.21 1588.62 37.27
3781.62 4.33 1588.12 35.60
3798.00 4.28 1588.75 37.56
3814.37 4.23 1588.75 37.58
3830.50 4.21 1592.62 48.33
3847.00 4.28 1590.50 42.89
3863.37 4.23 1595.12 54.33
3879.50 4.21 1594.50 52.79
3896.00 4.28 1594.00 51.60
3912.37 4.23 1589.25 39.06
3928.50 4.21 1591.12 44.65
3945.00 4.28 1588.12 35.82
3961.50 4.34 1591.00 44.18
3977.75 4.44 1590.50 42.74
3994.12 4.40 1586.37 29.08
4011.37 4.23 1913.00 43.10
4028.00 4.28 1914.87 39.55
4044.37 4.23 1912.50 44.01
4060.62 4.20 1910.62 47.27
4077.37 4.23 1908.50 50.77
4093.37 4.23 1905.62 55.01
4109.62 4.20 1906.00 54.43
4126.37 4.23 1910.87 46.68
4142.37 4.23 1910.87 46.86
4158.62 4.20 1910.62 47.30
4175.37 4.23 1908.37 50.92
4191.37 4.23 1916.87 35.19
4207.62 4.20 1912.87 43.33
4224.25 4.24 1912.25 44.53
4240.37 4.23 1910.12 48.17
4256.37 4.23 1912.12 44.69
4273.25 4.24 1593.75 51.12
4289.37 4.23 1593.12 49.62
4305.37 4.23 1591.50 45.47
4321.87 4.30 1591.12 44.55
4338.37 4.23 1590.12 41.75
4354.37 4.23 1593.25 49.80
4370.87 4.30 1589.87 41.07
4387.37 4.23 1594.87 53.62
4403.37 4.23 1591.37 45.26
4419.87 4.30 1592.00 46.90
4436.37 4.23 1592.37 47.71
4452.37 4.23 1588.87 38.01
4468.62 4.20 1587.25 32.55
4485.37 4.23 1590.12 41.87
4501.37 4.23 1590.37 42.47
4517.62 4.20 1592.62 48.34
4534.37 4.23 1588.25 36.02
4550.37 4.23 1595.25 54.57
4566.62 4.20 1912.75 43.46
4583.37 4.23 1912.25 44.48
4599.37 4.23 1913.62 41.92
4615.62 4.20 1912.12 44.79
4632.37 4.23 1910.37 47.62
4648.37 4.23 1911.75 45.26
4664.62 4.20 1911.00 46.64
4681.25 4.24 1907.87 51.80
4697.37 4.23 1905.87 54.72
4713.37 4.23 1912.75 43.57
4730.25 4.24 1911.62 45.50
4746.37 4.23 1913.62 41.97
4762.37 4.23 1911.12 46.40
4778.87 4.30 1913.87 41.41
4795.37 4.23 1912.12 44.61
4811.37 4.23 1911.87 45.19
4827.87 4.30 1590.00 41.37
4844.37 4.23 1590.12 41.81
4860.37 4.23 1592.37 47.78
4876.87 4.30 1593.87 51.36
4893.37 4.23 1593.12 49.51
4909.37 4.23 1590.25 42.11
4925.62 4.20 1593.12 49.66
4942.37 4.23 1592.75 48.66
4958.50 4.34 1591.37 45.07
4974.87 4.43 1589.75 40.68
4991.50 4.34 1588.87 38.09
5008.50 4.34 1591.12 44.51
5025.37 4.23 1589.50 39.91
5041.37 4.23 1589.12 38.72
5057.87 4.30 1593.25 49.94
5074.37 4.23 1592.75 48.61
5090.37 4.23 1595.37 54.70
5106.62 4.20 1593.37 50.26
5123.37 4.23 1595.25 54.52
5139.37 4.23 1594.25 52.22
5155.62 4.20 1591.37 45.11
5172.37 4.23 1587.75 34.22
5188.37 4.23 1594.50 52.83
5204.62 4.20 1595.50 55.00
5221.37 4.23 1592.37 47.67
5237.37 4.23 1588.62 37.15
5253.62 4.20 1592.12 47.20
5270.37 4.23 1593.00 49.38
5286.37 4.23 1593.37 50.16
5302.62 4.20 1591.00 44.12
5319.25 4.24 1587.87 34.94
5335.37 4.23 1592.75 48.75
5351.37 4.23 1593.50 50.59
5368.25 4.24 1590.62 43.12
5384.37 4.23 1272.12 31.06
5400.37 4.23 1272.87 34.67
5416.87 4.30 1273.12 35.89
5433.37 4.23 1273.12 36.03
5449.37 4.23 1277.12 50.66
5465.87 4.30 1274.37 41.09
5482.37 4.23 1272.87 34.85
5498.37 4.23 1268.87 7.34
5514.87 4.30 1272.12 31.06
5531.37 4.23 1273.12 35.98
5547.37 4.23 956.75 52.95
5563.62 4.20 958.87 55.34
5580.37 4.23 957.87 56.98
5596.37 4.23 958.12 57.86
5612.62 4.20 954.12 41.94
5629.37 4.23 953.37 38.20
5645.37 4.23 954.00 41.32
5661.62 4.20 953.50 38.80
5678.37 4.23 954.87 45.28
5694.37 4.23 949.62 1.49
5710.62 4.20 956.87 53.51
5727.37 4.23 956.12 50.58
5743.37 4.23 955.00 45.87
5759.62 4.20 956.00 50.01
5776.25 4.24 954.75 44.74
5792.37 4.23 955.75 49.07
5808.37 4.23 954.50 43.75
5825.25 4.24 954.25 42.50
5841.37 4.23 952.00 30.32
5857.37 4.23 952.00 30.31
5873.87 4.30 953.25 37.53
5890.37 4.23 956.37 51.52
5906.37 4.23 957.87 57.05
5922.87 4.30 955.62 48.47
5939.37 4.23 639.75 29.44
5955.50 4.34 638.62 37.51
5972.00 4.41 638.62 37.55
5988.50 4.34 637.50 44.13
6005.50 4.34 636.50 49.25
6022.37 4.23 637.25 45.47
6038.37 4.23 635.00 56.03
6054.87 4.30 635.62 53.27
6071.37 4.23 637.00 46.76
6087.37 4.23 635.87 52.18
6103.87 4.30 635.75 52.74
6120.37 4.23 639.25 33.29
6136.37 4.23 638.25 39.84
6152.87 4.30 638.75 36.73
6169.37 4.23 636.50 49.20
6185.37 4.23 634.50 57.79
6201.62 4.20 950.75 20.57
6218.37 4.23 953.37 38.15
6234.37 4.23 952.62 34.02
6250.62 4.20 956.62 52.50
6267.37 4.23 959.62 52.55
6283.37 4.23 957.50 55.70
6299.62 4.20 957.50 55.66
6316.37 4.23 956.87 53.38
6332.37 4.23 957.75 56.55
6348.62 4.20 957.12 54.30
6365.37 4.23 954.37 43.04
6381.37 4.23 956.75 52.90
6397.62 4.20 953.62 39.53
6414.25 4.24 954.50 43.72
6430.37 4.23 953.50 38.84
6446.37 4.23 954.50 43.66
6463.25 4.24 954.50 43.63
6479.37 4.23 954.75 44.74
6495.37 4.23 638.87 35.84
6511.87 4.30 641.12 14.29
6528.37 4.23 635.62 53.25
6544.37 4.23 635.62 53.24
6560.87 4.30 635.25 54.94
6577.37 4.23 636.25 50.42
6593.37 4.23 635.12 55.50
6609.87 4.30 638.62 37.51
6626.37 4.23 639.37 32.37
6642.37 4.23 639.25 33.28
6658.62 4.20 637.37 44.80
6675.37 4.23 637.62 43.45
6691.37 4.23 637.00 46.76
6707.62 4.20 637.87 42.05
6724.37 4.23 638.12 40.59
6740.37 4.23 636.50 49.25
6756.62 4.20 957.12 54.29
6773.37 4.23 951.87 29.44
6789.37 4.23 949.87 8.48
6805.62 4.20 950.62 19.22
6822.37 4.23 952.87 35.46
6838.37 4.23 953.12 36.83
6854.62 4.20 955.12 46.41
6871.25 4.24 957.87 57.04
6887.37 4.23 953.62 39.48
6903.37 4.23 955.37 47.49
6920.25 4.24 953.00 36.23
6936.37 4.23 953.25 37.53
6952.50 4.34 962.37 39.82
6969.00 4.41 953.37 38.15
6985.50 4.34 956.50 52.01
7002.75 4.31 955.62 48.51
7019.37 4.23 955.25 46.91
7035.62 4.20 636.62 48.63
7052.25 4.24 637.75 42.75
7068.37 4.23 635.62 53.32
7084.37 4.23 637.00 46.75
7101.25 4.24 637.00 46.75
7117.37 4.23 637.62 43.44
7133.37 4.23 636.50 49.25
7149.87 4.30 635.62 53.31
7166.37 4.23 637.25 45.46
7182.37 4.23 636.50 49.24
7198.87 4.30 636.12 51.03
7215.37 4.23 636.25 50.44
7231.37 4.23 632.50 48.84
7247.87 4.30 633.62 54.02
7264.37 4.23 633.62 54.02
7280.37 4.23 634.75 57.09
7296.62 4.20 954.87 45.33
7313.37 4.23 953.87 40.77
7329.37 4.23 955.62 48.59
7345.62 4.20 954.62 44.29
7362.37 4.23 954.62 44.22
7378.37 4.23 953.12 36.89
7394.62 4.20 955.62 48.48
7411.37 4.23 957.37 55.29
7427.37 4.23 957.12 54.34
7443.62 4.20 955.75 48.98
7460.37 4.23 956.00 50.00
7476.37 4.23 955.62 48.50
7492.62 4.20 955.12 46.37
7509.25 4.24 954.62 44.19
7525.37 4.23 954.87 45.30
7541.37 4.23 955.00 45.84
7558.25 4.24 953.62 39.43
7574.37 4.23 953.25 37.51
7590.37 4.23 954.00 41.30
7606.87 4.30 951.50 26.74
7623.37 4.23 951.75 28.55
7639.37 4.23 952.62 34.04
7655.87 4.30 952.62 34.02
7672.37 4.23 954.75 44.76
7688.37 4.23 954.12 42.02
7704.87 4.30 955.62 48.58
7721.37 4.23 954.00 41.35
7737.37 4.23 954.62 44.23
7753.62 4.20 954.00 41.28
7770.37 4.23 957.37 55.23
7786.37 4.23 957.37 55.24
7802.62 4.20 957.37 55.24
7819.37 4.23 957.87 56.98
7835.37 4.23 955.12 46.40
7851.62 4.20 1275.37 44.69
7868.37 4.23 1274.12 39.99
7884.37 4.23 1274.25 40.47
7900.62 4.20 1271.00 24.64
7917.37 4.23 1269.75 14.69
7933.37 4.23 1272.87 34.82
7949.62 4.20 1274.87 43.01
7966.37 4.36 1271.50 27.81
7982.50 4.34 1271.62 28.55
8000.12 4.27 1276.12 47.29
8016.62 4.20 1591.62 46.00
8033.25 4.25 1589.25 39.20
8049.62 4.20 1590.00 41.35
8066.12 4.13 1589.00 38.33
8082.62 4.20 1590.00 41.30
8098.62 4.20 1598.50 54.49
8115.12 4.13 1596.12 56.34
8131.62 4.20 1595.62 55.22
8147.62 4.20 1594.75 53.29
8163.75 4.18 1594.75 53.27
8180.62 4.20 1590.62 43.13
8196.62 4.20 1589.75 40.62
8212.75 4.18 1591.62 45.78
8229.62 4.20 1587.37 32.96
8245.62 4.20 1587.50 33.40
8261.75 4.18 1591.25 44.85
8278.50 4.08 1588.75 37.70
8294.62 4.20 1590.25 42.14
8310.75 4.18 1592.25 47.41
8327.12 4.13 1594.50 52.79
8343.62 4.20 1593.87 51.33
8359.75 4.18 1596.87 57.86
8376.12 4.13 1589.25 39.36
8392.62 4.20 1590.87 44.03
8408.75 4.18 1907.50 52.29
8425.12 4.13 1908.00 51.53
8441.62 4.20 1904.50 56.71
8457.75 4.18 1909.37 49.33
8474.12 4.13 1912.75 43.51
8490.62 4.20 1912.12 44.71
8506.75 4.18 1911.25 46.28
8523.12 4.13 1916.12 36.94
8539.62 4.20 1912.50 44.05
8555.62 4.20 1910.62 47.26
8572.12 4.13 1909.00 49.96
8588.62 4.20 1909.00 49.98
8604.62 4.20 1908.62 50.62
8620.75 4.18 1907.62 52.13
8637.62 4.20 1908.62 50.56
8653.62 4.20 1909.62 48.92
8669.75 4.18 1592.50 47.99
8686.62 4.20 1594.12 51.88
8702.62 4.20 1593.87 51.31
8718.75 4.18 1594.12 51.90
8735.50 4.08 1592.12 47.10
8751.62 4.20 1588.50 37.00
8767.75 4.18 1586.62 30.21
8784.12 4.13 1588.87 37.98
8800.62 4.20 1584.87 22.08
8816.75 4.18 1587.75 34.27
8833.12 4.13 1594.87 53.72
8849.62 4.20 1595.00 53.94
8865.75 4.18 1593.37 50.17
8882.12 4.13 1593.00 49.21
8898.62 4.20 1597.75 56.13
8914.75 4.18 1594.00 51.67
8931.12 4.13 1591.50 45.51
8947.62 4.20 1590.25 42.05
8963.87 4.30 1906.87 53.25
8980.25 4.25 1908.12 51.32
8996.75 4.31 1910.62 47.36
9013.75 4.18 1910.00 48.29
9030.37 4.10 1912.12 44.56
9046.75 4.18 1911.50 45.79
9063.00 4.16 1911.50 45.80
9079.37 4.10 1907.25 52.62
9095.75 4.18 1905.50 55.24
9112.00 4.16 1908.37 50.81
9128.37 4.10 1906.12 54.26
9144.62 4.07 1905.75 54.85
9161.00 4.16 1908.50 50.75
9177.37 4.10 1913.50 42.16
9193.50 4.09 1917.12 34.60
9210.00 4.16 1913.62 41.99
9226.37 4.10 1596.00 56.02
9242.37 4.10 1594.12 51.90
9259.00 4.16 1592.00 46.72
9275.37 4.10 1593.62 50.68
9291.37 4.10 1590.12 41.66
9307.75 4.18 1590.25 42.10
9324.00 4.16 1590.37 42.41
9340.37 4.10 1589.87 40.96
9356.75 4.18 1590.62 43.07
9373.00 4.16 1591.75 46.05
9389.37 4.10 1589.25 39.22
9405.75 4.18 1591.75 46.22
9422.00 4.16 1592.00 46.78
9438.37 4.10 1593.50 50.42
9454.75 4.18 1588.75 37.61
9471.00 4.16 1590.00 41.42
9487.37 4.10 1591.75 46.28
9503.75 4.18 1587.62 33.90
9520.00 4.16 1907.25 52.67
9536.37 4.10 1910.37 47.70
9552.75 4.18 1914.75 39.72
9569.00 4.16 1914.37 40.51
9585.37 4.10 1915.37 38.57
9601.62 4.07 1912.37 44.19
9618.00 4.16 1918.00 31.86
9634.37 4.10 1912.25 44.50
9650.50 4.09 1910.00 48.39
9667.00 4.16 1907.50 52.30
9683.37 4.10 1911.12 46.43
9699.37 4.10 1911.25 46.17
9716.00 4.16 1912.00 44.92
9732.37 4.10 1910.50 47.49
9748.37 4.10 1909.37 49.38
9764.75 4.18 1592.75 48.73
9781.00 4.16 1591.62 45.85
9797.37 4.10 1590.87 43.81
9813.75 4.18 1588.12 35.62
9830.00 4.16 1589.25 39.17
9846.37 4.10 1593.37 50.27
9862.75 4.18 1594.25 52.22
9879.00 4.16 1587.87 34.78
9895.37 4.10 1589.37 39.53
9911.75 4.18 1592.12 47.07
9928.00 4.16 1593.37 50.16
9944.37 4.10 1592.75 48.66
9960.87 4.30 1595.12 54.26
9977.12 4.27 1591.12 44.52
9993.62 4.34 1590.75 43.46
10010.75 4.18 1591.00 44.11
10027.37 4.10 1590.12 41.85
10043.75 4.18 1593.50 50.53
10059.75 4.18 1589.37 39.74
10076.37 4.10 1592.75 48.61
10092.75 4.18 1593.00 49.23
10108.75 4.18 1589.75 40.63
10125.37 4.10 1592.12 47.08
10141.75 4.18 1591.75 46.10
10157.75 4.18 1591.50 45.44
10174.37 4.10 1592.25 47.43
10190.75 4.18 1593.62 50.80
10206.75 4.18 1590.50 42.78
10223.37 4.10 1589.75 40.65
10239.50 4.08 1589.12 38.77
10255.75 4.18 1593.62 50.74
10272.37 4.10 1595.50 54.99
10288.37 4.10 1593.87 51.30
10304.75 4.18 1594.00 51.71
10321.37 4.10 1274.37 41.17
10337.37 4.10 1275.12 43.90
10353.75 4.18 1272.37 32.29
10370.37 4.10 1273.50 37.44
10386.37 4.10 1276.50 48.55
10402.75 4.18 1276.25 47.74
10419.00 4.16 1273.50 37.46
10435.37 4.10 1275.62 45.56
10451.75 4.18 1274.87 42.95
10467.75 4.18 1273.50 37.58
10484.37 4.10 953.50 38.83
10500.75 4.18 954.25 42.49
10516.75 4.18 953.87 40.66
10533.37 4.10 955.37 47.45
10549.75 4.18 958.62 56.24
10565.75 4.18 958.50 56.69
10582.37 4.10 954.00 41.43
10598.75 4.18 953.87 40.76
10614.75 4.18 954.50 43.65
10631.37 4.10 954.00 41.28
10647.75 4.18 954.62 44.19
10663.75 4.18 957.00 53.87
10680.37 4.10 955.75 49.13
10696.50 4.08 952.87 35.87
10712.75 4.18 955.25 46.95
10729.37 4.10 955.00 45.87
10745.37 4.10 954.87 45.31
10761.75 4.18 957.50 55.70
10778.37 4.10 956.87 53.37
10794.37 4.10 959.87 51.61
10810.75 4.18 956.87 53.36
10827.37 4.10 953.12 36.94
10843.37 4.10 953.00 36.23
10859.75 4.18 954.00 41.32
10876.00 4.16 634.50 57.72
10892.37 4.10 635.00 56.05
10908.75 4.18 636.87 47.40
10924.75 4.18 639.87 28.44
10941.37 4.10 638.62 37.53
10957.87 4.30 638.37 39.11
10973.87 4.30 638.12 40.60
10990.62 4.34 637.87 42.05
11007.75 4.18 634.62 57.58
11024.37 4.10 634.37 57.25
11040.75 4.18 634.87 56.55
11057.00 4.16 635.50 53.86
11073.37 4.10 635.87 52.19
11089.75 4.18 638.62 37.55
11105.75 4.18 639.62 30.45
11122.37 4.10 640.00 27.38
11138.75 4.18 956.25 51.05
11154.75 4.18 953.12 36.89
11171.37 4.10 952.12 31.12
11187.75 4.18 951.00 22.72
11203.75 4.18 952.25 31.77
11220.37 4.10 955.75 49.06
11236.75 4.18 958.00 57.47
11252.75 4.18 959.87 51.61
11269.37 4.10 959.25 53.97
11285.75 4.18 956.75 52.90
11301.75 4.18 948.87 16.56
11318.37 4.10 955.62 48.48
11334.50 4.08 952.62 34.03
11350.75 4.18 952.12 31.03
11367.37 4.10 951.50 26.79
11383.37 4.10 950.37 16.48
11399.75 4.18 952.00 30.23
11416.37 4.10 952.75 34.76
11432.37 4.10 634.25 56.77
11448.75 4.18 635.50 53.87
11465.37 4.10 638.37 39.06
11481.37 4.10 639.37 32.39
11497.75 4.18 636.00 51.51
11514.00 4.16 634.62 57.55
11530.37 4.10 636.50 49.21
11546.75 4.18 635.62 53.30
11562.75 4.18 635.50 53.87
11579.37 4.10 637.87 42.03
11595.75 4.18 639.25 33.28
11611.75 4.18 639.62 30.50
11628.37 4.10 638.00 41.34
11644.75 4.18 637.87 42.05
11660.75 4.18 638.50 38.33
11677.37 4.10 637.37 44.81
11693.75 4.18 955.25 46.90
11709.75 4.18 954.50 43.63
11726.37 4.10 955.75 48.98
11742.75 4.18 952.12 31.05
11758.75 4.18 952.75 34.84
11775.37 4.10 951.62 27.66
11791.50 4.08 951.00 22.76
11807.75 4.18 952.00 30.19
11824.37 4.10 953.87 40.71
11840.37 4.10 955.75 49.05
11856.75 4.18 955.37 47.56
11873.37 4.10 956.25 51.15
11889.37 4.10 954.62 44.26
11905.75 4.18 953.62 39.47
11922.37 4.10 953.87 40.68
11938.37 4.10 955.87 49.49
11954.87 4.30 958.37 57.12
11971.12 4.27 958.25 57.54
11987.62 4.34 637.62 43.42
12004.75 4.18 635.12 55.47
12021.37 4.10 637.25 45.47
12037.75 4.18 636.37 49.85
12054.37 4.10 637.12 46.12
12070.37 4.10 636.50 49.25
12086.75 4.18 636.00 51.61
12103.37 4.10 635.37 54.40
12119.37 4.10 634.25 56.75
12135.75 4.18 634.12 56.20
12152.00 4.16 635.87 52.17
12168.37 4.10 634.37 57.22
12184.75 4.18 635.87 52.19
12200.75 4.18 636.25 50.30
12217.37 4.10 635.75 52.66
12233.75 4.18 633.87 55.10
12249.75 4.18 956.75 52.97
12266.37 4.10 955.87 49.51
12282.75 4.18 959.00 54.90
12298.75 4.18 955.37 47.61
12315.37 4.10 953.25 37.69
12331.75 4.18 952.00 30.25
12347.75 4.18 955.50 48.00
12364.37 4.10 956.12 50.55
12380.75 4.18 955.12 46.40
12396.75 4.18 958.00 57.43
12413.37 4.10 955.50 48.04
12429.50 4.08 955.87 49.50
12445.75 4.18 955.50 47.97
12462.37 4.10 955.37 47.44
12478.37 4.10 948.87 18.03
12494.75 4.18 949.37 11.31
12511.37 4.10 951.12 23.76
12527.37 4.10 951.87 29.32
12543.75 4.18 953.00 36.17
12560.37 4.10 953.62 39.45
12576.37 4.10 954.87 45.46
12592.75 4.18 954.25 42.61
12609.00 4.16 954.50 43.69
12625.37 4.10 954.25 42.48
12641.75 4.18 955.25 46.93
12657.75 4.18 956.75 52.93
12674.37 4.10 957.37 55.24
12690.75 4.18 956.87 53.38
12706.75 4.18 955.87 49.50
12723.37 4.10 956.62 52.43
12739.75 4.18 955.25 46.91
12755.75 4.18 955.62 48.47
12772.37 4.10 954.75 44.74
12788.75 4.18 954.37 43.04
12804.75 4.18 1274.75 42.42
12821.37 4.10 1273.50 37.41
12837.75 4.18 1272.62 33.50
12853.75 4.18 1269.00 5.28
12870.37 4.10 1270.50 21.19
12886.50 4.08 1270.12 18.23
12902.75 4.18 1270.50 21.15
12919.37 4.10 1269.37 9.64
12935.37 4.10 1273.12 35.85
12951.87 4.30 1270.50 21.44
12968.50 4.22 1589.62 40.37
12984.62 4.34 1592.87 48.99
13001.75 4.18 1596.25 56.60
13018.37 4.10 1592.75 48.69
13034.75 4.18 1590.37 42.46
13051.37 4.10 1592.12 47.06
13067.37 4.10 1590.25 42.01
13083.75 4.18 1590.87 43.75
13100.37 4.10 1591.50 45.42
13116.37 4.10 1594.62 53.05
13132.75 4.18 1592.87 48.97
13149.37 4.10 1591.00 44.12
13165.37 4.10 1593.37 50.11
13181.75 4.18 1592.00 46.70
13198.37 4.10 1589.87 41.03
13214.37 4.10 1590.12 41.71
13230.75 4.18 1586.00 27.50
13247.00 4.16 1588.75 37.57
13263.37 4.10 1587.87 34.65
13279.75 4.18 1590.50 42.93
13295.75 4.18 1590.62 43.20
13312.37 4.10 1592.00 46.76
13328.75 4.18 1593.75 51.08
13344.75 4.18 1913.37 42.43
13361.37 4.10 1919.12 29.66
13377.75 4.18 1912.75 43.60
13393.75 4.18 1909.00 49.93
13410.37 4.10 1912.00 44.94
13426.62 4.07 1906.25 54.15
13442.75 4.18 1905.25 55.59
13459.37 4.10 1907.75 51.94
13475.50 4.09 1911.62 45.56
13491.75 4.18 1912.00 44.94
13508.37 4.10 1912.37 44.30
13524.37 4.10 1913.75 41.67
13540.75 4.18 1914.12 41.04
13557.37 4.10 1908.62 50.52
13573.37 4.10 1909.00 49.97
13589.75 4.18 1907.50 52.30
13606.37 4.10 1588.25 35.93
13622.37 4.10 1587.62 33.87
13638.75 4.18 1592.25 47.40
13655.37 4.10 1594.37 52.50
13671.37 4.10 1593.62 50.72
13687.75 4.18 1597.37 56.95
13704.00 4.16 1598.62 54.11
13720.37 4.10 1594.25 52.16
13736.75 4.18 1590.62 43.14
13752.75 4.18 1586.62 30.28
13769.37 4.10 1586.50 29.62
13785.75 4.18 1589.75 40.63
13801.75 4.18 1586.50 29.62
13818.37 4.10 1585.75 26.36
13834.75 4.18 1595.25 54.52
13850.75 4.18 1597.25 57.12
13867.37 4.10 1596.50 57.12
13883.62 4.07 1596.00 56.05
13899.75 4.18 1916.25 36.68
13916.37 4.10 1911.12 46.45
13932.50 4.09 1910.25 47.91
13948.75 4.18 1903.87 57.55
13965.50 4.22 1906.75 53.46
13981.62 4.34 1906.37 54.00
13998.37 4.25 1912.62 43.86
14015.62 4.08 1911.87 45.15
14032.00 4.16 1915.12 39.04
14048.00 4.16 1912.25 44.53
14064.75 4.06 1913.00 43.16
14081.00 4.16 1908.62 50.58
14097.25 4.14 1904.75 56.30
14113.75 4.06 1905.62 54.87
14129.87 4.04 1908.50 50.70
14146.25 4.14 1907.75 51.92
14162.75 4.06 1592.62 48.41
14178.75 4.06 1594.37 52.50
14195.25 4.14 1598.75 53.87
14211.75 4.06 1593.62 50.71
14227.75 4.06 1596.87 57.86
14244.25 4.14 1595.12 54.11
14260.75 4.06 1596.50 57.08
14276.75 4.06 1593.87 51.26
14293.25 4.14 1594.50 52.70
14309.75 4.06 1588.62 37.21
14325.75 4.06 1590.37 42.45
14342.25 4.14 1590.12 41.68
14358.37 4.12 1591.50 45.43
14374.75 4.06 1590.87 43.74
14391.25 4.14 1590.75 43.50
14407.37 4.12 1590.50 42.80
14423.75 4.06 1592.62 48.35
14440.25 4.14 1591.25 44.78
14456.37 4.12 1907.50 52.24
14472.75 4.06 1904.62 56.37
14489.00 4.16 1907.25 52.57
14505.37 4.12 1906.50 53.75
14521.75 4.06 1906.75 53.43
14538.00 4.16 1910.00 48.37
14554.25 4.14 1916.12 36.88
14570.75 4.06 1916.75 35.55
14586.87 4.04 1912.75 43.55
14603.25 4.14 1910.87 46.84
14619.75 4.06 1910.25 47.91
14635.75 4.06 1910.25 48.00
14652.25 4.14 1909.62 49.00
14668.75 4.06 1909.12 49.80
14684.75 4.06 1909.12 49.65
14701.25 4.14 1910.12 48.13
14717.75 4.06 1593.12 49.55
14733.75 4.06 1591.25 44.77
14750.25 4.14 1591.62 45.76
14766.75 4.06 1592.00 46.83
14782.75 4.06 1592.75 48.76
14799.25 4.14 1591.12 44.47
14815.37 4.12 1592.25 47.35
14831.75 4.06 1589.00 38.40
14848.25 4.14 1590.25 42.17
14864.37 4.12 1588.37 36.47
14880.75 4.06 1589.62 40.30
14897.25 4.14 1595.00 54.08
14913.37 4.12 1591.87 46.39
14929.75 4.06 1598.12 55.33
14946.00 4.16 1594.12 51.90
14962.50 4.24 1593.37 50.29
14978.87 4.18 1594.75 53.30
14995.12 4.27 1590.62 43.08
15012.25 4.14 1588.62 37.12
15028.75 4.20 1588.75 37.64
15045.12 4.15 1593.12 49.64
15061.62 4.08 1595.75 55.54
15077.87 4.17 1590.50 42.75
15094.50 4.10 1591.50 45.58
15110.62 4.08 1593.12 49.75
15126.87 4.17 1592.62 48.36
15143.25 4.12 1590.00 41.46
15159.62 4.08 1591.75 46.06
15175.87 4.17 1592.25 47.48
15192.25 4.12 1589.37 39.71
15208.62 4.08 1591.25 44.89
15224.75 4.06 1590.50 42.76
15241.25 4.12 1589.50 39.90
15257.62 4.08 1594.25 52.19
15273.62 4.08 1277.62 52.13
15290.25 4.12 1278.62 55.11
15306.62 4.08 1277.75 52.54
15322.62 4.08 1271.00 24.88
15339.25 4.12 1272.12 31.11
15355.62 4.08 1272.50 32.98
15371.62 4.08 1270.62 22.13
15387.87 4.17 1273.12 35.78
15404.50 4.10 1277.37 51.34
15420.62 4.08 1270.00 17.68
15436.87 4.17 956.12 50.48
15453.50 4.10 952.37 32.61
15469.62 4.08 951.87 29.50
15485.87 4.17 955.37 47.59
15502.50 4.10 952.87 35.48
15518.62 4.08 954.25 42.48
15534.87 4.17 956.50 51.94
15551.50 4.10 955.75 49.12
15567.62 4.08 954.12 41.94
15583.87 4.17 954.00 41.36
15600.25 4.12 955.00 45.89
15616.62 4.08 954.75 44.76
15632.87 4.17 954.50 43.62
15649.25 4.12 958.75 55.79
15665.62 4.08 956.37 51.48
15681.75 4.06 954.00 41.38
15698.25 4.12 954.12 41.99
15714.62 4.08 951.62 27.73
15730.62 4.08 953.87 40.68
15747.25 4.12 952.25 31.75
15763.62 4.08 954.00 41.27
15779.62 4.08 958.62 56.21
15796.25 4.12 957.62 56.18
15812.62 4.08 957.12 54.29
15828.62 4.08 634.37 57.30
15844.87 4.17 634.75 57.07
15861.50 4.10 636.37 49.80
15877.62 4.08 636.00 51.59
15893.87 4.17 636.12 51.03
15910.50 4.10 640.12 26.25
15926.62 4.08 640.00 27.37
15942.87 4.17 638.12 40.60
15959.62 4.22 637.62 43.46
15975.75 4.20 638.00 41.34
15992.00 4.29 638.37 39.11
16009.62 4.08 637.37 44.81
16025.75 4.20 634.87 56.50
16042.50 4.10 634.37 57.25
16058.62 4.08 635.00 56.02
16074.87 4.17 634.75 57.10
16091.50 4.10 956.00 50.03
16107.62 4.08 956.00 50.12
16123.87 4.17 955.25 47.02
16140.50 4.10 955.62 48.55
16156.62 4.08 952.25 31.86
16172.87 4.17 951.87 29.42
16189.25 4.12 956.00 50.04
16205.62 4.08 957.37 55.30
16221.87 4.17 955.12 46.39
16238.25 4.12 958.37 57.14
16254.62 4.08 959.12 54.42
16270.87 4.17 957.25 54.79
16287.25 4.12 954.12 41.96
16303.62 4.08 951.25 24.82
16319.75 4.06 954.75 44.76
16336.25 4.12 954.25 42.47
16352.62 4.08 956.75 52.89
16368.62 4.08 636.50 49.24
16385.25 4.12 637.50 43.97
16401.62 4.08 636.75 47.88
16417.62 4.08 636.25 50.36
16434.25 4.12 636.00 51.57
16450.62 4.08 635.87 52.17
16466.62 4.08 633.00 51.21
16482.87 4.17 636.62 48.51
16499.50 4.10 636.75 47.85
16515.62 4.08 637.50 44.09
16531.87 4.17 636.75 47.99
16548.50 4.10 636.12 51.03
16564.62 4.08 640.37 23.83
16580.87 4.17 640.25 25.08
16597.50 4.10 638.37 39.09
16613.62 4.08 635.37 54.39
16629.87 4.17 637.75 42.76
16646.25 4.12 955.75 49.07
16662.62 4.08 955.12 46.39
16678.87 4.17 955.00 45.85
16695.25 4.12 956.25 51.02
16711.62 4.08 953.25 37.49
16727.87 4.17 955.12 46.40
16744.25 4.12 954.25 42.47
16760.62 4.08 954.37 43.23
16776.75 4.06 951.37 26.00
16793.25 4.12 951.62 27.75
16809.62 4.08 951.00 22.86
16825.62 4.08 951.62 27.80
16842.25 4.12 952.62 34.16
16858.62 4.08 956.75 53.09
16874.62 4.08 957.00 53.99
16891.25 4.12 955.62 48.55
16907.62 4.08 955.75 49.01
16923.62 4.08 639.62 30.49
16939.87 4.17 640.25 25.01
16956.62 4.22 638.37 39.10
16972.75 4.20 638.12 40.60
16989.00 4.29 638.00 41.33
17006.62 4.08 634.37 57.24
17023.12 4.15 635.62 53.31
17039.62 4.08 635.75 52.75
17055.62 4.08 636.37 49.85
17072.25 4.12 636.12 51.03
17088.62 4.08 638.25 39.82
17104.62 4.08 637.37 44.75
17120.87 4.17 634.62 57.52
17137.50 4.10 635.62 53.26
17153.62 4.08 636.25 50.43
17169.87 4.17 632.75 50.00
17186.50 4.10 951.12 23.85
17202.62 4.08 954.12 41.95
17218.87 4.17 954.12 42.12
17235.50 4.10 955.50 48.01
17251.62 4.08 954.62 44.20
17267.87 4.17 959.12 54.42
17284.25 4.12 957.37 55.21
17300.62 4.08 952.75 34.84
17316.87 4.17 953.12 36.91
17333.25 4.12 951.75 28.52
17349.62 4.08 951.87 29.41
17365.87 4.17 955.75 49.01
17382.25 4.12 955.75 49.06
17398.62 4.08 956.25 51.03
17414.75 4.06 955.75 49.04
17431.25 4.12 955.87 49.52
17447.62 4.08 953.75 40.06
17463.62 4.08 958.50 56.64
17480.25 4.12 955.00 46.00
17496.62 4.08 952.12 31.06
17512.62 4.08 952.50 33.34
17529.25 4.12 952.12 31.01
17545.62 4.08 950.62 19.11
17561.62 4.08 951.87 29.39
17577.87 4.17 955.50 48.06
17594.50 4.10 955.75 49.06
17610.62 4.08 956.12 50.52
17626.87 4.17 956.87 53.38
17643.50 4.10 959.37 53.49
17659.62 4.08 955.62 48.55
17675.87 4.17 953.37 38.27
17692.50 4.10 953.12 36.87
17708.62 4.08 953.87 40.69
17724.87 4.17 952.12 31.08
17741.25 4.12 1269.87 15.77
17757.62 4.08 1274.25 40.61
17773.87 4.17 1274.87 42.94
17790.25 4.12 1274.75 42.43
17806.62 4.08 1274.87 42.92
17822.87 4.17 1274.62 42.00
17839.25 4.12 1274.75 42.41
17855.62 4.08 1270.75 23.09
17871.75 4.06 1271.12 25.48
17888.25 4.12 1268.25 16.19
17904.62 4.08 1588.25 36.03
17920.62 4.08 1589.25 39.12
17937.25 4.12 1588.00 35.25
17953.75 4.20 1591.37 45.20
17969.87 4.31 1594.50 52.74
17986.37 4.24 1594.75 53.33
18003.75 4.20 1589.87 41.04
18020.25 4.12 1587.25 32.50
18036.62 4.08 1583.50 12.81
18052.75 4.06 1584.87 22.02
18069.25 4.12 1586.75 30.53
18085.62 4.08 1591.75 46.13
18101.62 4.08 1594.87 53.62
18118.25 4.12 1595.62 55.28
18134.62 4.08 1595.62 55.28
18150.62 4.08 1595.37 54.71
18167.25 4.12 1594.37 52.45
18183.62 4.08 1589.50 39.90
18199.62 4.08 1590.00 41.36
18215.87 4.17 1588.00 35.09
18232.50 4.10 1585.87 27.03
18248.62 4.08 1590.62 43.09
18264.87 4.17 1590.62 43.05
18281.50 4.10 1594.37 52.48
18297.62 4.08 1913.00 43.15
18313.87 4.17 1911.50 45.86
18330.50 4.10 1908.12 51.33
18346.62 4.08 1910.75 47.17
18362.87 4.17 1906.75 53.45
18379.25 4.12 1906.25 54.23
18395.62 4.08 1901.25 54.63
18411.87 4.17 1902.37 56.21
18428.25 4.12 1902.75 56.73
18444.62 4.08 1905.00 56.02
18460.87 4.17 1908.75 50.31
18477.25 4.12 1913.37 42.42
18493.62 4.08 1917.37 33.87
18509.75 4.06 1915.25 38.72
18526.25 4.12 1912.87 43.39
18542.62 4.08 1913.37 42.48
18558.62 4.08 1590.75 43.46
18575.25 4.12 1589.87 41.00
18591.62 4.08 1589.87 40.96
18607.62 4.08 1592.37 47.66
18624.25 4.12 1589.00 38.30
18640.62 4.08 1594.62 53.00
18656.62 4.08 1590.00 41.60
18672.87 4.17 1593.12 49.51
18689.50 4.10 1592.87 48.91
18705.62 4.08 1590.87 43.74
18721.87 4.17 1592.00 46.70
18738.50 4.10 1589.37 39.50
18754.62 4.08 1589.87 41.37
18770.87 4.17 1584.37 19.24
18787.50 4.10 1584.75 21.40
18803.62 4.08 1583.12 8.64
18819.87 4.17 1590.87 43.79
18836.25 4.12 1593.37 50.15
18852.62 4.08 1913.75 41.68
18868.87 4.17 1917.12 34.72
18885.25 4.12 1913.62 41.99
18901.62 4.08 1915.00 39.32
18917.87 4.17 1911.37 46.04
18934.25 4.12 1909.00 49.94
18950.62 4.08 1906.37 54.00
18967.00 4.29 1902.87 57.32
18983.37 4.24 1909.62 49.02
19000.62 4.22 1911.75 45.41
19017.25 4.12 1909.75 48.67
19033.75 4.20 1909.37 49.29
19049.87 4.17 1911.75 45.41
19066.37 4.10 1907.62 52.16
19082.75 4.06 1904.12 57.19
19098.87 4.17 1908.50 50.61
19115.37 4.10 1587.87 34.88
19131.62 4.08 1587.25 32.52
19147.87 4.17 1589.87 40.98
19164.37 4.10 1593.12 49.55
19180.62 4.08 1596.87 57.90
19196.87 4.17 1597.25 57.16
19213.00 4.16 1594.37 52.53
19229.62 4.08 1595.12 54.13
19245.87 4.17 1596.25 56.55
19262.00 4.16 1594.50 52.71
19278.62 4.08 1594.37 52.43
19294.87 4.17 1594.25 52.15
19311.00 4.16 1594.00 51.56
19327.62 4.08 1593.87 51.27
19343.87 4.17 1592.25 47.39
19359.87 4.17 1590.37 42.36
19376.62 4.08 1590.37 42.41
19392.87 4.17 1591.87 46.55
19408.87 4.17 1912.62 43.61
19425.62 4.08 1909.50 49.19
19441.87 4.17 1907.75 51.93
19457.87 4.17 1907.12 52.71
19474.37 4.10 1906.37 53.85
19490.87 4.17 1906.00 54.46
19506.87 4.17 1907.37 52.46
19523.37 4.10 1907.75 51.95
19539.75 4.06 1914.75 39.76
19555.87 4.17 1914.00 41.24
19572.37 4.10 1915.37 38.47
19588.62 4.08 1915.37 38.51
19604.87 4.17 1919.25 28.50
19621.37 4.10 1913.62 42.04
19637.62 4.08 1912.62 43.88
19653.87 4.17 1593.37 50.09
19670.00 4.16 1589.00 38.33
19686.62 4.08 1590.50 42.80
19702.87 4.17 1590.75 43.42
19719.00 4.16 1591.62 45.73
19735.62 4.08 1583.37 12.34
19751.87 4.17 1590.12 41.80
19768.00 4.16 1592.50 48.11
19784.62 4.08 1592.37 47.72
19800.87 4.17 1591.75 46.10
19816.87 4.17 1590.00 41.34
19833.62 4.08 1593.87 51.42
19849.87 4.17 1589.75 40.75
19865.87 4.17 1588.12 35.74
19882.62 4.08 1590.62 43.12
19898.87 4.17 1589.50 39.85
19914.87 4.17 1596.50 57.11
19931.37 4.10 1597.00 57.71
19947.87 4.17 1597.00 57.72
19963.87 4.17 1593.25 49.92
19980.50 4.22 1594.50 52.80
19996.87 4.17 1594.00 51.57
20014.00 4.03 1590.62 43.11
20030.62 4.08 1593.50 50.53
20046.62 4.08 1592.75 48.62
20063.12 4.01 1591.25 44.75
20079.62 4.08 1590.62 43.11
20095.75 4.06 1591.00 44.19
20112.12 4.01 1592.25 47.38
20128.62 4.08 1591.37 45.10
20144.75 4.06 1593.87 51.29
20161.12 4.01 1594.00 51.56
20177.37 4.10 1594.50 52.85
20193.75 4.06 1589.50 40.12
20210.12 4.01 1271.37 27.20
20226.37 4.10 1271.12 25.49
20242.75 4.06 1272.00 30.40
20259.12 4.01 1273.87 39.00
20275.37 4.10 1278.00 53.27
20291.75 4.06 1275.12 43.94
20307.75 4.06 1275.25 44.42
20324.37 4.10 1271.50 27.75
20340.75 4.06 1273.87 39.02
20356.75 4.06 1273.87 39.00
20373.25 3.99 955.25 46.94
20389.62 4.08 959.25 53.96
20405.75 4.06 957.75 56.56
20422.12 4.01 956.75 52.91
20438.62 4.08 957.12 54.28
20454.75 4.06 952.25 31.86
20471.12 4.01 953.87 40.71
20487.62 4.08 953.62 39.46
20503.75 4.06 954.37 43.05
20520.12 4.01 955.25 46.92
20536.62 4.08 958.25 57.56
20552.75 4.06 954.75 44.94
20569.12 4.01 955.50 48.09
20585.62 4.08 954.00 41.35
20601.75 4.06 955.00 45.87
20618.12 4.01 954.12 41.87
20634.37 4.10 954.87 45.29
20650.75 4.06 958.12 57.91
20667.12 4.01 953.50 38.87
20683.37 4.10 953.12 36.87
20699.75 4.06 954.62 44.27
20716.12 4.01 955.25 46.92
20732.37 4.10 955.75 49.01
20748.75 4.06 957.50 55.65
20764.75 4.06 639.37 32.38
20781.37 4.10 638.37 39.08
20797.75 4.06 638.37 39.11
20813.75 4.06 634.87 56.50
20830.25 3.99 634.37 57.25
20846.62 4.08 634.62 57.58
20862.75 4.06 635.25 54.95
20879.12 4.01 635.12 55.50
20895.62 4.08 634.75 57.10
20911.75 4.06 640.00 27.36
20928.12 4.01 639.50 31.42
20944.62 4.08 639.37 32.41
20960.87 4.18 638.25 39.85
20977.37 4.25 638.12 40.61
20993.75 4.20 635.75 52.74
21010.50 4.09 634.87 56.54
21027.37 4.10 954.12 41.94
21043.50 4.09 955.50 47.98
21059.75 4.06 954.87 45.32
21076.50 4.09 957.12 54.29
21092.75 4.06 957.00 53.84
21108.75 4.06 955.00 45.97
21125.50 4.09 954.00 41.34
21141.75 4.06 954.50 43.69
21157.75 4.06 951.37 25.79
21174.50 4.09 951.62 27.73
21190.75 4.06 953.62 39.49
21206.75 4.06 956.37 51.55
21223.50 4.09 957.37 55.27
21239.75 4.06 956.12 50.50
21255.75 4.06 959.62 52.56
21272.50 4.09 958.25 57.57
21288.75 4.06 957.62 56.12
21304.75 4.06 955.87 49.55
21321.50 4.09 636.12 51.03
21337.50 4.09 636.87 47.39
21353.75 4.06 634.00 55.66
21370.37 4.10 633.37 52.93
21386.50 4.09 632.87 50.60
21402.75 4.06 636.00 51.60
21419.00 4.16 635.75 52.75
21435.50 4.09 636.50 49.23
21451.75 4.06 639.87 28.44
21467.87 4.04 639.50 31.42
21484.50 4.09 635.37 54.37
21500.75 4.06 634.12 56.18
21516.75 4.06 636.00 51.57
21533.50 4.09 636.00 51.56
21549.75 4.06 635.75 52.74
21565.75 4.06 640.25 25.06
21582.50 4.09 959.25 53.96
21598.75 4.06 955.12 46.48
21614.75 4.06 954.37 43.09
21631.50 4.09 954.50 43.63
21647.75 4.06 955.87 49.50
21663.75 4.06 954.87 45.30
21680.50 4.09 954.37 43.04
21696.75 4.06 958.37 57.11
21712.75 4.06 957.12 54.36
21729.50 4.09 955.12 46.63
21745.75 4.06 955.00 45.94
21761.75 4.06 954.75 44.82
21778.50 4.09 952.75 34.76
21794.50 4.09 951.25 24.85
21810.75 4.06 953.12 36.91
21827.37 4.10 956.50 52.05
21843.50 4.09 952.75 34.88
21859.75 4.06 951.25 24.83
21876.00 4.16 637.75 42.59
21892.50 4.09 638.62 37.41
21908.75 4.06 638.12 40.52
21924.87 4.04 637.75 42.74
21941.50 4.09 640.37 23.86
21957.87 4.18 637.00 46.64
21974.00 4.30 638.00 41.31
21990.62 4.21 635.87 52.13
22007.87 4.18 636.87 47.39
22024.37 4.10 636.12 51.02
22040.75 4.06 639.62 30.39
22057.00 4.16 639.37 32.34
22073.50 4.09 638.37 39.09
22089.75 4.06 638.50 38.32
22105.87 4.04 638.00 41.33
22122.50 4.09 635.12 55.48
22138.75 4.06 952.75 34.82
22154.75 4.06 954.50 43.67
22171.50 4.09 956.00 50.02
22187.75 4.06 951.25 24.86
22203.75 4.06 955.50 48.04
22220.50 4.09 956.37 51.57
22236.75 4.06 954.87 45.32
22252.75 4.06 955.87 49.51
22269.50 4.09 957.50 55.70
22285.75 4.06 957.75 56.56
22301.75 4.06 953.50 38.96
22318.50 4.09 951.87 29.49
22334.75 4.06 953.62 39.52
22350.75 4.06 953.00 36.18
22367.50 4.09 953.87 40.69
22383.75 4.06 956.00 50.03
22399.75 4.06 957.87 57.01
22416.50 4.09 960.87 47.52
22432.50 4.09 958.25 57.57
22448.75 4.06 957.75 56.55
22465.37 4.10 957.75 56.54
22481.50 4.09 955.00 45.86
22497.75 4.06 951.62 27.68
22514.00 4.16 952.25 31.80
22530.50 4.09 954.25 42.51
22546.75 4.06 952.50 33.36
22562.87 4.04 952.12 31.01
22579.50 4.09 955.87 49.62
22595.75 4.06 954.25 42.69
22611.75 4.06 956.12 50.53
22628.50 4.09 953.87 40.72
22644.75 4.06 959.12 54.42
22660.75 4.06 953.75 40.22
22677.50 4.09 949.87 8.28
22693.75 4.06 1269.12 4.07
22709.75 4.06 1273.50 37.46
22726.50 4.09 1272.87 34.83
22742.75 4.06 1273.12 35.82
22758.75 4.06 1276.75 49.41
22775.50 4.09 1278.25 54.02
22791.75 4.06 1278.25 54.04
22807.75 4.06 1279.75 57.52
22824.50 4.09 1275.75 46.02
22840.75 4.06 1275.50 45.13
22856.75 4.06 1589.75 40.63
22873.50 4.09 1590.25 42.05
22889.50 4.09 1586.37 29.18
22905.75 4.06 1588.37 36.37
22922.37 4.10 1586.00 27.51
22938.50 4.09 1589.75 40.63
22954.87 4.18 1592.87 49.02
22971.12 4.27 1591.62 45.80
22987.62 4.21 1594.62 53.07
23004.87 4.18 1590.62 43.26
23021.50 4.09 1586.50 29.54
23037.75 4.06 1586.37 29.04
23054.50 4.09 1590.50 42.81
23070.50 4.09 1590.75 43.46
23086.75 4.06 1591.50 45.45
23103.37 4.10 1599.12 52.99
23119.50 4.09 1596.37 56.88
23135.75 4.06 1596.50 57.08
23152.00 4.16 1600.12 50.52
23168.50 4.09 1592.25 47.37
23184.75 4.06 1591.50 45.41
23200.87 4.04 1588.62 37.18
23217.50 4.09 1587.75 34.24
23233.75 4.06 1903.12 57.27
23249.75 4.06 1905.12 55.78
23266.50 4.09 1902.75 56.74
23282.75 4.06 1907.50 52.23
23298.75 4.06 1908.87 50.14
23315.50 4.09 1911.87 45.08
23331.75 4.06 1915.87 37.45
23347.75 4.06 1917.12 34.60
23364.50 4.09 1911.12 46.38
23380.75 4.06 1907.75 51.84
23396.75 4.06 1906.75 53.42
23413.50 4.09 1905.75 54.90
23429.75 4.06 1904.50 56.71
23445.75 4.06 1911.12 46.47
23462.50 4.09 1911.00 46.65
23478.75 4.06 1916.87 35.03
23494.75 4.06 1601.50 47.43
23511.50 4.09 1597.62 56.39
23527.50 4.09 1595.12 54.15
23543.75 4.06 1593.00 49.20
23560.37 4.10 1592.50 48.00
23576.50 4.09 1592.50 47.96
23592.75 4.06 1587.00 31.59
23609.00 4.16 1588.00 35.13
23625.50 4.09 1588.25 35.96
23641.75 4.06 1589.87 40.96
23657.87 4.04 1589.50 39.82
23674.50 4.09 1590.62 43.05
23690.75 4.06 1595.37 54.69
23706.75 4.06 1596.12 56.31
23723.50 4.09 1595.87 55.75
23739.75 4.06 1591.12 44.52
23755.75 4.06 1590.50 42.74
23772.50 4.09 1587.75 34.32
23788.75 4.06 1582.75 3.78
23804.75 4.06 1903.62 57.73
23821.50 4.09 1909.12 49.76
23837.75 4.06 1911.25 46.12
23853.75 4.06 1914.62 39.99
23870.50 4.09 1916.75 35.54
23886.75 4.06 1914.62 40.00
23902.75 4.06 1914.25 40.83
23919.50 4.09 1913.37 42.50
23935.75 4.06 1910.50 47.56
23952.00 4.30 1908.37 51.01
23968.75 4.32 1907.25 52.56
23984.75 4.32 1906.37 54.00
24002.00 4.16 1908.87 50.24
24018.75 4.18 1909.62 48.84
24035.00 4.16 1908.12 51.26
24051.50 4.09 1591.00 44.14
24068.00 4.16 1590.25 42.04
24084.00 4.16 1586.12 28.10
24100.50 4.09 1587.62 34.09
24117.00 4.16 1590.62 43.19
24133.00 4.16 1590.25 42.04
24149.50 4.09 1590.12 41.67
24165.75 4.18 1597.25 57.19
24182.00 4.16 1593.50 50.40
24198.37 4.10 1594.37 52.45
24214.75 4.18 1593.37 50.12
24231.00 4.16 1593.37 50.10
24247.00 4.16 1594.37 52.42
24263.75 4.18 1592.00 46.70
24280.00 4.16 1592.37 47.65
24296.00 4.16 1589.12 38.72
24312.75 4.18 1588.62 37.17
24329.00 4.16 1585.75 26.34
24345.00 4.16 1905.12 55.54
24361.75 4.18 1908.75 50.42
24378.00 4.16 1906.00 54.54
24394.00 4.16 1909.37 49.32
24410.75 4.18 1910.37 47.71
24427.00 4.16 1911.50 45.84
24443.00 4.16 1905.50 55.23
24459.62 4.07 1906.00 54.48
24476.00 4.16 1910.50 47.35
24492.00 4.16 1911.62 45.50
24508.50 4.09 1910.25 47.90
24525.00 4.16 1912.12 44.77
24541.00 4.16 1916.50 36.04
24557.50 4.09 1914.75 39.77
24574.00 4.16 1911.00 46.64
24590.00 4.16 1909.87 48.55
24606.50 4.09 1587.25 32.44
24622.75 4.18 1590.00 41.31
24639.00 4.16 1589.87 40.91
24655.37 4.10 1591.50 45.41
24671.75 4.18 1590.87 43.86
24688.00 4.16 1590.75 43.51
24704.00 4.16 1592.50 47.99
24720.75 4.18 1592.25 47.38
24737.00 4.16 1590.50 42.73
24753.00 4.16 1591.00 44.16
24769.75 4.18 1591.87 46.53
24786.00 4.16 1593.75 51.20
24802.00 4.16 1591.87 46.41
24818.75 4.18 1590.00 41.37
24835.00 4.16 1593.37 50.27
24851.00 4.16 1593.12 49.57
24867.75 4.18 1592.62 48.34
24884.00 4.16 1590.62 43.08
24900.00 4.16 1594.25 52.16
24916.62 4.07 1595.62 55.24
24933.00 4.16 1594.62 53.00
24949.00 4.16 1588.75 37.56
24965.75 4.32 1590.62 43.11
24982.12 4.27 1590.50 42.73
24998.62 4.23 1594.75 53.30
25015.75 4.18 1591.12 44.53
25032.12 4.14 1592.62 48.36
25048.12 4.14 1591.25 44.78
25065.00 4.16 1592.75 48.66
25081.12 4.14 1592.00 46.72
25097.37 4.12 1591.87 46.51
25113.87 4.04 1592.25 47.44
25130.12 4.14 1593.87 51.32
25146.37 4.12 1592.37 47.69
25162.75 4.06 1271.50 27.71
25179.12 4.14 1270.37 20.56
25195.12 4.14 1271.62 28.64
25211.75 4.06 1271.25 26.47
25228.00 4.16 1272.12 31.10
25244.12 4.14 1274.75 42.45
25260.75 4.06 1276.25 47.76
25277.00 4.16 1275.12 44.00
25293.12 4.14 1274.25 40.62
25309.75 4.06 1273.00 35.31
25326.00 4.16 955.00 45.86
25342.12 4.14 956.00 49.99
25358.37 4.12 955.87 49.48
25375.00 4.16 957.62 56.14
25391.12 4.14 958.37 57.11
25407.37 4.12 955.75 49.00
25424.00 4.16 957.12 54.29
25440.12 4.14 956.25 50.97
25456.37 4.12 954.00 41.33
25473.00 4.16 952.37 32.58
25489.12 4.14 952.62 34.05
25505.37 4.12 954.62 44.21
25522.00 4.16 955.12 46.40
25538.12 4.14 956.25 50.97
25554.37 4.12 958.62 56.09
25570.87 4.04 955.25 47.01
25587.12 4.14 954.75 44.81
25603.37 4.12 955.00 45.88
25619.75 4.06 954.87 45.30
25636.12 4.14 959.62 52.39
25652.12 4.14 955.87 49.66
25668.75 4.06 954.75 44.82
25685.00 4.16 956.37 51.53
25701.12 4.14 954.50 43.64
25717.75 4.06 634.87 56.55
25734.00 4.16 639.37 32.39
25750.12 4.14 639.62 30.45
25766.75 4.06 638.75 36.71
25783.00 4.16 638.75 36.74
25799.12 4.14 637.87 42.05
25815.37 4.12 637.87 42.06
25832.00 4.16 633.50 53.50
25848.12 4.14 633.75 54.57
25864.37 4.12 634.62 57.59
25881.00 4.16 635.62 53.32
25897.12 4.14 635.62 53.31
25913.37 4.12 639.50 31.43
25930.00 4.16 638.37 39.05
25946.12 4.14 639.12 34.19
25962.50 4.24 638.00 41.34
25979.12 4.27 955.87 49.49
25995.25 4.26 954.25 42.57
26012.50 4.24 954.25 42.53
26029.12 4.14 954.37 43.05
26045.37 4.12 955.75 48.98
26062.00 4.16 957.62 56.11
26078.37 4.12 958.37 57.09
26094.75 4.06 954.75 44.85
26110.87 4.04 955.25 47.00
26127.37 4.12 954.12 41.93
26143.75 4.06 952.75 34.75
26159.75 4.06 952.25 31.84
26176.37 4.12 953.50 38.91
26192.75 4.06 955.87 49.59
26208.75 4.06 956.25 51.03
26225.12 4.14 956.25 51.01
26241.75 4.06 958.12 57.85
26257.75 4.06 958.50 56.67
26274.12 4.14 636.37 49.85
26290.75 4.06 637.62 43.44
26306.75 4.06 636.37 49.85
26323.12 4.14 637.62 43.45
26339.75 4.06 636.00 51.59
26355.75 4.06 634.37 57.28
26372.12 4.14 634.62 57.57
26388.37 4.12 635.75 52.74
26404.75 4.06 635.75 52.75
26421.00 4.16 635.37 54.43
26437.37 4.12 638.75 36.69
26453.75 4.06 637.75 42.61
26470.00 4.16 638.00 41.02
26486.37 4.12 637.12 46.10
26502.75 4.06 635.75 52.73
26519.00 4.16 636.12 51.02
26535.37 4.12 954.62 44.19
26551.75 4.06 959.12 54.41
26567.87 4.04 958.37 57.12
26584.37 4.12 957.87 56.99
26600.75 4.06 954.37 43.07
26616.75 4.06 955.62 48.47
26633.37 4.12 955.25 46.92
26649.75 4.06 957.50 55.65
26665.75 4.06 954.62 44.18
26682.12 4.14 955.25 46.91
26698.75 4.06 955.87 49.49
26714.75 4.06 953.00 36.21
26731.12 4.14 953.37 38.21
26747.75 4.06 956.50 52.08
26763.75 4.06 950.37 16.32
26780.12 4.14 952.00 30.21
26796.75 4.06 953.00 36.20
26812.75 4.06 635.00 56.02
26829.12 4.14 632.50 48.81
26845.37 4.12 633.25 52.34
26861.75 4.06 637.37 44.68
26878.00 4.16 638.00 41.26
26894.37 4.12 636.87 47.35
26910.75 4.06 639.25 33.32
26927.00 4.16 638.75 36.72
26943.37 4.12 639.87 28.45
26959.87 4.18 637.87 42.04
26976.12 4.27 638.25 39.86
26992.50 4.24 637.50 44.14
27009.87 4.18 636.50 49.25
27026.37 4.12 638.00 41.34
27042.75 4.06 636.25 50.45
27059.00 4.16 637.62 43.45
27075.37 4.12 955.25 46.91
27091.75 4.06 956.00 50.00
27108.00 4.16 953.62 39.54
27124.37 4.12 954.37 43.09
27140.75 4.06 954.00 41.31
27157.00 4.16 951.25 24.81
27173.37 4.12 953.00 36.28
27189.75 4.06 955.12 46.50
27205.87 4.04 955.75 49.10
27222.12 4.14 956.00 50.07
27238.75 4.06 955.00 45.87
27254.75 4.06 958.25 57.53
27271.12 4.14 958.75 55.78
27287.75 4.06 955.00 45.93
27303.75 4.06 951.87 29.53
27320.12 4.14 953.87 40.78
27336.75 4.06 953.37 38.21
27352.75 4.06 954.62 44.20
27369.12 4.14 953.50 38.79
27385.75 4.06 957.00 53.85
27401.75 4.06 957.37 55.21
27418.12 4.14 956.37 51.47
27434.75 4.06 955.00 45.87
27450.75 4.06 956.25 50.99
27467.12 4.14 952.37 32.57
27483.37 4.12 951.37 25.83
27499.75 4.06 950.62 19.12
27516.00 4.16 952.12 30.99
27532.37 4.12 949.37 11.34
27548.75 4.06 951.00 22.68
27565.00 4.16 953.75 40.20
27581.37 4.12 958.62 56.14
27597.75 4.06 959.25 53.89
27614.00 4.16 958.87 55.36
27630.37 4.12 1280.50 55.45
27646.75 4.06 1279.50 57.59
27662.87 4.04 1273.75 38.54
27679.12 4.14 1273.25 36.55
27695.75 4.06 1269.12 4.01
27711.75 4.06 1273.25 36.35
27728.12 4.14 1273.50 37.50
27744.75 4.06 1275.62 45.59
27760.75 4.06 1279.25 56.92
27777.12 4.14 1277.62 52.13
27793.75 4.06 1596.87 57.89
27809.75 4.06 1597.62 56.41
27826.12 4.14 1594.75 53.28
27842.75 4.06 1588.75 37.64
27858.75 4.06 1587.75 34.23
27875.12 4.14 1588.62 37.16
27891.75 4.06 1585.37 24.62
27907.75 4.06 1585.75 26.44
27924.12 4.14 1588.25 36.02
27940.37 4.12 1593.87 51.47
27956.87 4.18 1593.62 50.80
27973.12 4.27 1596.12 56.34
27989.50 4.24 1599.00 53.40
28006.87 4.18 1588.62 37.28
28023.75 4.06 1587.00 31.67
28039.75 4.06 1588.25 35.95
28056.12 4.14 1588.25 35.90
28072.75 4.06 1588.50 36.71
28088.75 4.06 1595.62 55.27
28105.12 4.14 1595.62 55.24
28121.37 4.12 1595.50 54.95
28137.75 4.06 1596.12 56.29
28154.00 4.16 1594.62 53.00
28170.37 4.12 1588.87 37.94
28186.75 4.06 1907.87 51.72
28203.00 4.16 1906.25 54.13
28219.37 4.12 1905.12 55.83
28235.75 4.06 1899.25 51.69
28252.00 4.16 1903.87 57.55
28268.37 4.12 1908.25 51.04
28284.75 4.06 1914.37 40.40
28300.87 4.04 1912.12 44.74
28317.12 4.14 1912.25 44.51
28333.75 4.06 1914.37 40.50
28349.75 4.06 1917.87 32.94
28366.12 4.14 1910.25 47.87
28382.75 4.06 1907.00 52.94
28398.75 4.06 1903.62 57.82
28415.12 4.14 1903.87 57.51
28431.75 4.06 1905.50 55.30
28447.75 4.06 1588.87 37.93
28464.12 4.14 1596.50 57.14
28480.75 4.06 1599.12 53.12
28496.75 4.06 1594.87 53.58
28513.12 4.14 1597.25 57.20
28529.75 4.06 1595.37 54.66
28545.75 4.06 1587.62 34.20
28562.12 4.14 1590.62 43.11
28578.37 4.12 1590.25 42.06
28594.75 4.06 1586.12 27.98
28611.00 4.16 1587.62 33.78
28627.37 4.12 1589.62 40.26
28643.75 4.06 1595.37 54.73
28660.00 4.16 1597.87 55.76
28676.37 4.12 1594.62 53.10
28692.75 4.06 1594.12 51.92
28709.00 4.16 1594.50 52.75
28725.37 4.12 1593.00 49.26
28741.75 4.06 1907.12 52.82
28757.87 4.04 1905.50 55.13
28774.12 4.14 1908.00 51.41
28790.75 4.06 1907.00 53.01
28806.75 4.06 1907.00 53.06
28823.12 4.14 1910.37 47.72
28839.75 4.06 1916.12 36.80
28855.75 4.06 1915.00 39.14
28872.12 4.14 1913.75 41.72
28888.75 4.06 1909.62 48.83
28904.75 4.06 1911.62 45.63
28921.12 4.14 1904.87 56.11
28937.75 4.06 1905.50 55.27
28953.87 4.18 1906.37 53.90
28970.25 4.26 1909.00 49.91
28986.87 4.18 1906.12 54.33
29003.87 4.18 1592.12 47.13
29020.75 4.06 1593.25 49.92
29036.75 4.06 1593.37 50.22
29053.12 4.14 1592.37 47.68
29069.75 4.06 1589.37 39.51
29085.75 4.06 1588.25 36.07
29102.12 4.14 1586.37 29.49
29118.75 4.06 1588.00 35.15
29134.75 4.06 1589.12 38.79
29151.12 4.14 1591.87 46.45
29167.75 4.06 1595.50 54.99
29183.75 4.06 1596.75 57.77
29200.12 4.14 1596.00 56.10
29216.37 4.12 1595.50 55.08
29232.75 4.06 1585.62 26.27
29249.00 4.16 1592.25 47.34
29265.37 4.12 1589.50 39.81
29281.75 4.06 1593.50 50.42
29298.00 4.16 1910.37 47.50
29314.37 4.12 1909.62 48.81
29330.75 4.06 1911.25 46.12
29347.00 4.16 1909.62 49.00
29363.37 4.12 1910.62 47.32
29379.75 4.06 1910.12 48.12
29395.87 4.04 1912.37 43.94
29412.12 4.14 1911.00 46.67
29428.75 4.06 1907.50 52.24
29444.75 4.06 1910.12 48.12
29461.12 4.14 1908.12 51.24
29477.75 4.06 1907.75 51.73
29493.75 4.06 1905.75 54.85
29510.12 4.14 1908.75 50.38
29526.75 4.06 1908.12 51.41
29542.75 4.06 1908.50 50.80
29559.12 4.14 1589.12 39.05
29575.75 4.06 1591.37 45.33
29591.75 4.06 1590.87 43.86
29608.12 4.14 1590.87 43.75
29624.75 4.06 1586.25 28.59
29640.75 4.06 1592.50 47.99
29657.12 4.14 1594.37 52.53
29673.37 4.12 1594.37 52.58
29689.75 4.06 1594.00 51.67
29706.00 4.16 1588.62 37.40
29722.37 4.12 1591.50 45.42
29738.75 4.06 1592.75 48.59
29755.00 4.16 1594.00 51.60
29771.37 4.12 1593.75 51.01
29787.75 4.06 1593.00 49.21
29804.00 4.16 1595.62 55.31
29820.37 4.12 1588.00 35.11
29836.75 4.06 1590.37 42.56
29852.87 4.04 1585.62 25.81
29869.12 4.14 1587.87 34.66
29885.75 4.06 1588.87 37.88
29901.75 4.06 1590.62 43.05
29918.12 4.14 1595.25 54.45
29934.75 4.06 1593.37 50.26
29950.75 4.06 1592.25 47.48
29967.25 4.26 1593.00 49.26
29983.87 4.18 1590.87 43.76
30000.75 4.21 1592.50 48.09
30017.75 4.06 1589.75 40.66
30033.87 4.18 1590.62 43.13
30050.12 4.14 1592.12 47.06
30066.75 4.06 1593.50 50.43
30083.00 4.16 1595.12 54.11
30099.12 4.14 1273.50 37.40
30115.75 4.06 1272.62 33.47
30132.00 4.16 1272.12 31.00
30148.12 4.14 1270.37 20.19
30164.75 4.06 1267.87 19.52
30181.00 4.16 1268.00 18.59
30197.12 4.14 1268.87 8.20
30213.37 4.12 1270.12 18.08
30230.00 4.16 1270.37 20.13
30246.12 4.14 1276.75 49.43
30262.37 4.12 955.37 47.53
30278.87 4.04 955.00 45.98
30295.12 4.14 954.12 41.97
30311.37 4.12 955.00 45.88
30327.75 4.06 954.00 41.30
30344.00 4.16 955.00 45.84
30360.37 4.12 957.12 54.32
30376.75 4.06 966.25 8.69
30393.00 4.16 957.37 55.23
30409.37 4.12 955.87 49.49
30425.75 4.06 955.62 48.48
30442.00 4.16 956.50 51.96
30458.37 4.12 953.37 38.14
30474.75 4.06 954.62 44.19
30491.00 4.16 954.12 41.87
30507.12 4.14 955.87 49.50
30523.75 4.06 954.62 44.18
30540.00 4.16 953.25 37.62
30556.12 4.14 953.50 38.86
30572.75 4.06 953.50 38.82
30589.00 4.16 951.75 28.50
30605.12 4.14 953.75 40.05
30621.75 4.06 956.37 51.48
30638.00 4.16 954.87 45.41
30654.12 4.14 633.50 53.46
30670.37 4.12 634.00 55.63
30687.00 4.16 634.25 56.69
30703.12 4.14 635.25 54.97
30719.37 4.12 637.25 45.45
30735.87 4.04 639.12 34.12
30752.12 4.14 638.25 39.79
30768.37 4.12 634.12 56.29
30784.75 4.06 638.25 39.87
30801.00 4.16 638.25 39.87
30817.37 4.12 634.25 56.72
30833.75 4.06 634.62 57.58
30850.00 4.16 634.50 57.74
30866.37 4.12 635.62 53.31
30882.75 4.06 635.37 54.42
30899.00 4.16 637.50 44.12
30915.37 4.12 959.12 54.42
30931.75 4.06 958.62 56.25
30948.00 4.16 956.50 51.94
30964.25 4.26 956.75 52.89
30980.87 4.18 956.37 51.46
30997.62 4.24 953.37 38.24
31014.75 4.06 954.50 43.64
31031.00 4.05 954.37 43.06
31047.37 4.12 955.00 45.84
31064.00 4.05 955.50 48.16
31080.12 4.03 955.00 46.00
31096.37 4.12 953.25 37.70
31113.00 4.05 954.37 43.08
31129.12 4.03 954.50 43.63
31145.25 4.01 957.00 53.92
31162.00 4.05 954.62 44.36
31178.12 4.03 953.00 36.19
31194.12 4.03 954.00 41.30
31211.00 4.05 637.25 45.47
31227.12 4.03 638.25 39.86
31243.12 4.03 638.00 41.34
31260.00 4.05 638.00 41.34
31276.12 4.03 635.87 52.19
31292.12 4.03 637.50 44.14
31308.62 4.11 637.25 45.47
31325.00 4.05 637.25 45.47
31341.12 4.03 633.75 54.61
31357.62 4.11 634.50 57.75
31374.00 4.05 634.87 56.54
31390.12 4.03 635.62 53.30
31406.62 4.11 633.12 51.85
31423.00 4.05 637.62 43.37
31439.12 4.03 636.12 50.86
31455.62 4.11 635.62 53.21
31472.00 4.05 952.25 31.83
31488.12 4.03 957.50 55.73
31504.62 4.11 956.62 52.49
31521.00 4.05 960.00 51.12
31537.12 4.03 958.87 55.36
31553.37 4.12 956.87 53.36
31570.00 4.05 957.00 53.83
31586.12 4.03 956.12 50.49
31602.25 4.01 955.87 49.50
31619.00 4.05 956.87 53.36
31635.12 4.03 955.75 48.98
31651.12 4.03 955.87 49.49
31668.00 4.05 956.00 49.99
31684.12 4.03 956.12 50.48
31700.12 4.03 952.12 31.09
31717.00 4.05 950.75 20.47
31733.12 4.03 952.75 34.81
31749.12 4.03 952.87 35.48
31765.62 4.11 635.00 56.01
31782.00 4.05 634.50 57.77
31798.12 4.03 629.00 26.99
31814.62 4.11 631.87 45.68
31831.00 4.05 632.87 50.61
31847.12 4.03 633.50 53.45
31863.62 4.11 636.87 47.33
31880.00 4.05 638.87 35.88
31896.12 4.03 639.62 30.49
31912.62 4.11 640.50 22.56
31929.00 4.05 638.87 35.91
31945.12 4.03 638.25 39.86
31961.75 4.22 637.37 44.79
31978.12 4.16 637.00 46.75
31994.37 4.26 637.12 46.12
32011.62 4.11 637.87 42.05
32028.00 4.05 959.25 53.94
32044.62 4.11 958.12 57.86
32060.62 4.11 956.50 51.94
32077.00 4.05 956.25 50.98
32093.62 4.11 956.37 51.47
32109.62 4.11 953.62 39.52
32126.00 4.05 950.87 21.65
32142.62 4.11 949.50 8.64
32158.62 4.11 951.50 26.79
32175.00 4.05 950.37 16.30
32191.50 4.12 956.50 52.03
32207.62 4.11 953.25 37.49
32224.00 4.05 958.50 56.68
32240.12 4.02 959.62 52.57
32256.62 4.11 957.62 56.12
32273.00 4.05 956.87 53.37
32289.00 4.05 954.25 42.50
32305.62 4.11 951.75 28.60
32322.00 4.05 953.50 38.83
32338.00 4.05 954.50 43.67
32354.62 4.11 955.12 46.43
32371.00 4.05 955.37 47.45
32387.00 4.05 959.00 54.89
32403.62 4.11 958.25 57.56
32419.62 4.11 958.12 57.86
32436.00 4.05 956.12 50.49
32452.62 4.11 955.87 49.49
32468.62 4.11 953.87 40.72
32485.00 4.05 954.50 43.79
32501.62 4.11 949.50 8.76
32517.62 4.11 949.75 5.08
32534.00 4.05 950.87 21.69
32550.62 4.11 952.87 35.47
32566.62 4.11 954.62 44.24
32583.00 4.05 1274.62 42.04
32599.62 4.11 1277.87 52.91
32615.62 4.11 1280.12 56.52
32632.00 4.05 1278.50 54.74
32648.50 4.12 1276.25 47.77
32664.62 4.11 1271.62 28.44
32681.00 4.05 1269.00 4.65
32697.12 4.02 1269.87 15.93
32713.62 4.11 1272.62 33.58
32730.00 4.05 1272.00 30.42
32746.00 4.05 1592.12 47.04
32762.62 4.11 1595.87 55.83
32779.00 4.05 1598.25 55.06
32795.00 4.05 1600.25 50.49
32811.62 4.11 1594.87 53.57
32828.00 4.05 1595.00 53.83
32844.00 4.05 1591.50 45.51
32860.62 4.11 1591.12 44.47
32876.62 4.11 1586.75 30.66
32893.00 4.05 1584.12 17.74
32909.62 4.11 1585.62 25.89
32925.62 4.11 1590.00 41.40
32942.00 4.05 1592.12 47.12
32958.75 4.22 1595.75 55.53
32974.75 4.22 1598.25 55.04
32991.25 4.28 1597.50 56.65
33008.62 4.11 1589.50 39.97
33025.00 4.05 1581.50 17.67
33041.62 4.11 1582.75 3.44
33057.62 4.11 1586.12 28.04
33074.00 4.05 1585.87 26.99
33090.62 4.11 1591.75 46.14
33106.62 4.11 1594.00 51.62
33123.00 4.05 1920.75 24.90
33139.62 4.11 1919.62 28.33
33155.62 4.11 1915.12 39.03
33172.00 4.05 1913.00 43.13
33188.62 4.11 1909.87 48.54
33204.62 4.11 1904.12 57.15
33221.00 4.05 1902.87 56.93
33237.37 4.12 1904.37 56.83
33253.62 4.11 1906.00 54.54
33270.00 4.05 1910.12 48.12
33286.25 4.14 1912.00 44.74
33302.62 4.11 1914.25 40.72
33319.00 4.05 1918.37 31.63
33335.12 4.02 1915.50 38.28
33351.62 4.11 1912.87 43.42
33368.00 4.05 1907.50 52.21
33384.00 4.05 1584.37 19.58
33400.62 4.11 1583.50 12.65
33417.00 4.05 1584.12 17.57
33433.00 4.05 1586.75 30.50
33449.62 4.11 1591.37 45.14
33466.00 4.05 1599.25 52.78
