2.12 0.12 727.25 20.57
23.12 4.26 1037.12 36.60
39.62 4.46 1318.50 48.02
56.12 4.40 1572.25 56.34
72.37 4.50 1796.87 54.23
88.75 4.45 2000.25 48.40
105.12 4.40 2186.62 44.64
121.37 4.50 2353.25 40.49
137.75 4.45 2501.75 37.39
154.12 4.40 2642.00 33.20
170.50 4.48 2766.50 30.17
186.75 4.45 2880.00 27.30
203.25 4.38 2984.25 25.14
219.50 4.48 3077.00 22.51
235.87 4.43 3158.62 19.45
252.25 4.38 3235.87 18.09
268.50 4.48 3307.12 16.85
284.87 4.43 3370.62 14.79
301.12 4.40 3427.62 13.83
317.50 4.48 3481.50 12.14
334.00 4.42 3527.62 12.08
350.37 4.37 3573.37 10.52
366.62 4.47 3605.62 10.56
383.12 4.41 3645.87 8.19
399.25 4.39 3675.25 6.73
415.62 4.33 3706.62 6.90
432.12 4.41 3733.00 5.68
448.50 4.35 3755.50 5.80
464.62 4.33 3779.87 4.94
481.00 4.42 3799.87 5.77
497.37 4.37 3816.00 5.34
513.50 4.35 3834.87 3.61
529.87 4.43 3853.37 6.64
546.37 4.37 3865.87 3.20
562.50 4.35 3876.87 3.29
578.75 4.45 3888.12 2.61
595.37 4.37 3898.87 2.79
611.75 4.32 3907.50 1.61
627.87 4.43 3915.37 1.94
644.62 4.34 3924.12 1.88
660.75 4.32 3939.50 4.60
676.87 4.43 3939.25 0.96
693.50 4.35 3945.75 2.36
709.87 4.30 3949.75 1.60
726.00 4.42 3954.00 2.00
742.62 4.33 3959.37 1.64
758.87 4.30 3963.50 1.47
775.12 4.40 3964.37 2.66
791.62 4.33 3968.12 2.04
807.87 4.30 3975.75 0.93
824.12 4.40 3974.62 1.87
840.62 4.33 3984.50 5.73
856.87 4.30 3983.25 1.76
873.25 4.25 3984.62 0.97
889.87 4.31 3986.75 1.75
906.12 4.27 3988.87 1.33
922.37 4.24 3989.12 1.05
938.75 4.33 3989.62 1.71
955.37 4.24 3989.37 1.30
971.50 4.22 3993.75 1.37
987.87 4.30 3988.75 6.05
1004.37 4.24 3995.25 1.42
1020.62 4.20 3998.12 1.04
1036.87 4.43 3999.12 1.19
1053.50 4.35 3996.87 1.44
1069.62 4.47 4001.00 1.02
1085.87 4.43 3999.75 2.48
1102.62 4.47 3999.87 1.54
1118.62 4.47 3999.12 3.02
1134.87 4.43 4001.75 2.30
1151.50 4.49 3999.00 3.69
1167.75 4.46 4002.12 1.11
1184.12 4.41 4004.50 2.72
1200.50 4.49 4003.50 1.40
1216.75 4.46 4005.75 2.57
1233.12 4.41 4006.12 1.78
1249.50 4.49 4003.25 2.84
1265.75 4.46 4003.87 0.82
1282.12 4.41 4008.12 2.58
1298.50 4.49 4003.50 1.83
1314.75 4.46 4007.50 2.09
1331.37 4.38 4006.25 0.52
1347.75 4.46 4006.12 0.62
1364.00 4.43 4004.87 2.23
1380.37 4.38 4007.62 1.15
1396.62 4.34 4012.62 4.04
1413.12 4.41 4008.62 1.30
1429.62 4.34 4006.00 0.73
1445.75 4.33 4007.87 0.93
1462.12 4.41 4012.62 4.63
1478.62 4.34 4008.00 1.32
1494.62 4.34 4008.12 0.60
1511.12 4.41 4006.12 1.56
1527.37 4.38 4004.00 0.81
1543.62 4.34 4004.75 1.90
1560.12 4.41 4005.50 1.44
1576.37 4.38 4007.25 1.56
1592.62 4.34 4010.87 3.15
1609.12 4.41 4008.00 1.99
1625.37 4.38 4007.62 0.92
1641.87 4.30 4007.75 1.04
1658.12 4.41 4008.37 1.14
1674.25 4.39 4006.75 0.55
1691.00 4.28 4008.25 1.09
1707.25 4.39 4007.12 0.60
1723.50 4.35 3997.00 12.16
1740.00 4.28 4009.62 1.31
1756.25 4.39 4010.87 2.18
1772.50 4.35 4009.75 1.25
1788.87 4.30 4007.50 1.25
1805.25 4.39 4009.25 0.96
1821.50 4.35 4010.37 1.19
1837.87 4.30 4009.25 0.63
1854.12 4.27 4009.37 1.41
1870.50 4.35 4011.62 4.00
1887.00 4.29 4009.25 1.01
1903.37 4.25 4006.62 1.22
1919.62 4.34 4003.00 3.47
1936.12 4.28 4011.75 3.46
1952.25 4.26 4008.87 0.72
1968.75 4.32 4011.12 2.65
1985.25 4.26 4008.12 1.64
2001.37 4.24 4010.37 1.30
2017.75 4.32 4008.62 1.48
2034.37 4.37 4013.25 4.82
2050.62 4.47 4008.37 0.53
2066.87 4.44 4008.87 2.60
2083.12 4.40 4010.62 3.16
