2 499
54 488
71 480
87 472
104 466
120 438
136 446
153 426
169 410
185 402
202 396
218 378
234 375
251 368
267 353
283 352
300 336
316 310
332 293
349 291
365 285
381 272
398 283
414 279
430 268
446 264
463 248
479 239
495 225
512 214
528 204
544 197
561 188
577 183
593 171
610 158
626 148
642 138
659 131
675 109
691 94
708 83
724 61
740 72
757 64
773 77
789 67
806 57
822 45
838 33
855 21
871 10
887 49
903 89
920 125
936 165
952 203
969 242
986 281
1003 322
1019 338
1036 374
1052 424
1068 469
1085 513
1101 574
1117 618
1134 653
1150 687
1166 734
1183 774
1199 813
1215 856
1232 892
1248 934
1264 975
1281 1015
1297 1032
1313 1103
1330 1143
1346 1178
1362 1223
1379 1250
1395 1282
1411 1336
1428 1380
1444 1425
1460 1480
1476 1533
1493 1568
1509 1607
1525 1643
1542 1689
1558 1727
1574 1770
1591 1801
1607 1852
1623 1889
1640 1935
1656 1979
1672 2018
1689 2055
1705 2092
1721 2133
1738 2166
1754 2195
1770 2238
1787 2279
1803 2321
1819 2363
1836 2426
1852 2467
1868 2465
1885 2447
1901 2442
1917 2432
1933 2417
1950 2405
1966 2396
1984 2396
2001 2377
2017 2365
2034 2354
2050 2338
2066 2313
2083 2303
2099 2301
2115 2289
2132 2285
2148 2298
2164 2288
2181 2279
2197 2265
2213 2252
2230 2238
2246 2229
2262 2222
2279 2213
2295 2205
2311 2179
2328 2184
2344 2168
2360 2158
2377 2152
2393 2145
2409 2128
2426 2102
2442 2086
2458 2076
2475 2071
2491 2070
2507 2060
2523 2065
2540 2063
2556 2047
2572 2035
2589 2027
2605 2015
2621 2008
2638 1999
2654 1982
2670 1972
2687 1961
2703 1950
2719 1943
2736 1932
2752 1922
2768 1911
2785 1900
2801 1869
2817 1862
2834 1855
2850 1848
2866 1843
2883 1850
2899 1847
2915 1834
2932 1821
2948 1809
2964 1797
2980 1774
2998 1764
3014 1758
3031 1752
3047 1741
3063 1729
3080 1721
3096 1709
3112 1700
3129 1679
3145 1660
3161 1652
3178 1646
3194 1634
3210 1628
3227 1641
3243 1634
3259 1622
3275 1608
3292 1596
3308 1584
3324 1570
3341 1558
3357 1550
3373 1540
3390 1530
3406 1519
3422 1508
3439 1498
3455 1483
3471 1483
3488 1471
3504 1448
3520 1430
3537 1421
3553 1412
3569 1408
3586 1401
3602 1415
3618 1403
3635 1388
3651 1375
3667 1360
3684 1347
3700 1343
3716 1326
3732 1319
3749 1306
3765 1296
3781 1285
3798 1278
3814 1267
3830 1251
3847 1242
3863 1226
3879 1206
3896 1198
3912 1188
3928 1178
3945 1172
3961 1184
3977 1177
3995 1158
4011 1147
4028 1136
4044 1126
4061 1115
4077 1104
4093 1091
4110 1081
4126 1069
4142 1065
4159 1054
4175 1043
4191 1029
4208 1000
4224 993
4240 981
4256 979
4273 968
4289 977
4305 976
4322 970
4338 949
4354 938
4371 927
4387 917
4403 906
4420 892
4436 875
4452 873
4469 858
4485 849
4501 844
4518 830
4534 821
4550 810
4567 785
4583 777
4599 764
4616 758
4632 748
4648 743
4665 757
4681 748
4697 735
4713 720
4730 706
4746 697
4762 685
4779 673
4795 657
4811 672
4828 620
4844 632
4860 620
4877 615
4893 603
4909 590
4926 583
4942 555
4958 544
4975 541
4992 531
5008 545
5025 536
5041 523
5058 513
5074 499
5091 488
5107 473
5123 462
5140 428
5156 450
5172 440
5189 431
5205 421
5221 406
5238 396
5254 380
5270 364
5286 349
5303 340
5319 345
5335 327
5352 330
5368 331
5384 324
5401 319
5417 301
5433 286
5450 279
5466 266
5482 254
5499 238
5515 238
5531 231
5548 224
5564 208
5580 202
5597 189
5613 179
5629 163
5646 143
5662 132
5678 128
5695 118
5711 112
5727 124
5743 121
5760 107
5776 104
5792 87
5809 73
5825 56
5841 52
5858 38
5874 34
5890 27
5907 24
5923 42
5939 76
5956 111
5972 151
5989 181
6006 218
6022 259
6039 299
6055 358
6072 409
6088 413
6104 486
6121 519
6137 577
6153 595
6170 631
6186 716
6202 721
6219 761
6235 803
6251 844
6268 880
6284 925
6300 963
6316 1002
6333 1032
6349 1071
6365 1111
6382 1158
6398 1199
6414 1245
6431 1311
6447 1358
6463 1393
6480 1433
6496 1495
6512 1521
6529 1549
6545 1588
6561 1626
6578 1674
6594 1714
6610 1760
6627 1796
6643 1842
6659 1880
6676 1925
6692 1958
6708 1988
6725 2042
6741 2068
6757 2107
6773 2155
6790 2211
6806 2257
6822 2302
6839 2336
6855 2370
6871 2410
6888 2446
6904 2463
6920 2443
6937 2431
6953 2429
6969 2421
6987 2405
7003 2398
7020 2385
7036 2358
7053 2349
7069 2338
7085 2333
7102 2325
7118 2335
7134 2336
7151 2321
7167 2333
7183 2293
7200 2285
7216 2274
7232 2264
7249 2247
7265 2237
7281 2239
7298 2224
7314 2215
7330 2203
7346 2191
7363 2184
7379 2173
7395 2149
7412 2131
7428 2117
7444 2118
7461 2108
7477 2106
7493 2120
7510 2109
7526 2096
7542 2078
7559 2066
7575 2060
7591 2046
7608 2037
7624 2021
7640 2014
7657 2008
7673 2003
7689 1982
7706 1974
7722 1960
7738 1955
7755 1940
7771 1919
7787 1906
7803 1894
7820 1893
7836 1884
7852 1885
7869 1892
7885 1880
7901 1869
7918 1853
7934 1838
7950 1826
7967 1819
7984 1805
8000 1798
8017 1786
8033 1770
8050 1766
8066 1756
8083 1744
8099 1713
8115 1704
8132 1692
8148 1688
8164 1677
8181 1686
8197 1684
8213 1677
8230 1665
8246 1651
8262 1637
8279 1628
8295 1599
8311 1603
8328 1589
8344 1587
8360 1575
8376 1565
8393 1551
8409 1546
8425 1531
8442 1524
8458 1509
8474 1485
8491 1467
8507 1469
8523 1459
8540 1449
8556 1459
8572 1459
8589 1442
8605 1435
8621 1418
8638 1407
8654 1394
8670 1382
8687 1366
8703 1362
8719 1356
8736 1346
8752 1333
8768 1323
8785 1308
8801 1342
8817 1288
8833 1266
8850 1251
8866 1244
8882 1230
8899 1229
8915 1218
8931 1227
8948 1224
8964 1212
8980 1192
8998 1179
9014 1168
9031 1144
9047 1150
9063 1142
9080 1130
9096 1115
9112 1115
9129 1096
9145 1088
9161 1073
9178 1047
9194 1039
9210 1027
9227 1020
9243 1015
9259 1026
9276 1021
9292 1009
9308 998
9325 980
9341 953
9357 955
9374 949
9390 928
9406 929
9423 920
9439 908
9455 897
9471 885
9488 876
9504 868
9520 846
9537 832
9553 814
9569 810
9586 797
9602 792
9618 781
9635 797
9651 788
9667 780
9684 765
9700 750
9716 737
9733 727
9749 714
9765 703
9782 696
9798 679
9814 676
9831 669
9847 642
9863 648
9880 633
9896 622
9912 594
9928 569
9945 578
9961 577
9977 560
9995 580
10012 563
10028 551
10044 538
10061 528
10077 517
10093 500
10110 487
10126 489
10142 486
10159 480
10175 460
10191 445
10208 439
10224 422
10240 406
10257 394
10273 388
10289 377
10306 368
10322 373
10338 373
10355 365
10371 356
10387 341
10404 329
10420 316
10436 307
10453 290
10469 282
10485 276
10501 268
10518 257
10534 254
10550 240
10567 231
10583 214
10599 199
10616 180
10632 175
10648 165
10665 163
10681 156
10697 166
10714 159
10730 149
10746 135
10763 126
10779 111
10795 100
10812 94
10828 74
10844 65
10861 64
10877 51
10893 48
10910 37
10926 27
10942 17
10958 19
10975 43
10992 93
11009 135
11025 186
11042 240
11058 282
11074 309
11091 344
11107 390
11123 423
11140 451
11156 495
11172 549
11189 578
11205 621
11221 661
11238 706
11254 741
11270 786
11287 832
11303 853
11319 893
11336 937
11352 980
11368 1027
11385 1079
11401 1136
11417 1175
11434 1211
11450 1249
11466 1292
11483 1329
11499 1374
11515 1412
11531 1449
11548 1487
11564 1534
11580 1571
11597 1615
11613 1660
11629 1705
11646 1743
11662 1792
11678 1807
11695 1849
11711 1894
11727 1936
11744 1980
11760 2045
11776 2083
11793 2129
11809 2161
11825 2202
11842 2239
11858 2278
11874 2314
11891 2355
11907 2389
11923 2436
11940 2474
11956 2449
11972 2441
11990 2434
12006 2401
12023 2390
12039 2382
12056 2374
12072 2372
12088 2363
12104 2377
12121 2363
12137 2347
12153 2332
12170 2327
12186 2314
12202 2304
12219 2282
12235 2278
12251 2270
12268 2266
12284 2250
12300 2245
12317 2230
12333 2229
12349 2215
12366 2189
12382 2174
12398 2165
12415 2160
12431 2148
12447 2144
12464 2157
12480 2146
12496 2131
12513 2123
12529 2111
12545 2105
12561 2092
12578 2076
12594 2071
12610 2062
12627 2049
12643 2036
12659 2030
12676 2031
12692 2018
12708 2007
12725 1993
12741 1954
12757 1948
12774 1944
12790 1935
12806 1925
12823 1921
12839 1930
12855 1920
12872 1903
12888 1891
12904 1873
12921 1863
12937 1845
12953 1835
12970 1820
12987 1827
13004 1824
13020 1816
13037 1803
13053 1797
13069 1760
13086 1746
13102 1740
13118 1733
13134 1728
13151 1730
13167 1732
13183 1719
13200 1707
13216 1693
13232 1680
13249 1646
13265 1652
13281 1635
13298 1629
13314 1622
13330 1604
13347 1613
13363 1609
13379 1594
13396 1588
13412 1570
13428 1549
13445 1527
13461 1516
13477 1507
13494 1499
13510 1492
13526 1502
13543 1494
13559 1484
13575 1471
13591 1460
13608 1432
13624 1419
13640 1412
13657 1402
13673 1392
13689 1386
13706 1375
13722 1387
13738 1378
13755 1362
13771 1348
13787 1343
13804 1305
13820 1294
13836 1286
13853 1276
13869 1269
13885 1267
13902 1276
13918 1262
13934 1251
13951 1242
13967 1228
13984 1193
14001 1191
14017 1183
14034 1183
14050 1183
14067 1176
14083 1155
14099 1148
14116 1130
14132 1102
14148 1097
14164 1081
14181 1072
14197 1070
14213 1061
14230 1073
14246 1062
14262 1045
14279 1038
14295 1024
14311 996
14328 983
14344 972
14360 965
14377 956
14393 950
14409 945
14426 930
14442 942
14458 928
14475 913
14491 894
14507 865
14524 860
14540 851
14556 843
14573 836
14589 835
14605 820
14621 811
14638 800
14654 788
14670 779
14687 772
14703 759
14719 752
14736 742
14752 733
14768 718
14785 709
14801 698
14817 690
14834 682
14850 668
14866 662
14883 657
14899 637
14915 633
14932 634
14948 609
14964 600
14981 590
14998 580
15015 570
15031 560
15048 553
15064 541
15080 532
15097 524
15113 516
15129 501
15146 488
15162 481
15178 474
15194 467
15211 455
15227 449
15243 438
15260 421
15276 414
15292 407
15309 405
15325 387
15341 379
15358 366
15374 358
15390 348
15407 336
15423 334
15439 318
15456 310
15472 304
15488 290
15505 282
15521 276
15537 268
15554 255
15570 248
15586 237
15603 223
15619 218
15635 207
15651 210
15668 206
15684 195
15700 180
15717 175
15733 161
15749 151
15766 143
15782 131
15798 125
15815 113
15831 99
15847 107
15864 83
15880 72
15896 67
15913 56
15929 33
15945 10
15962 8
15978 0
15995 15
16012 76
16028 110
16045 142
16061 179
16077 217
16094 253
16110 295
16126 328
16143 371
16159 411
16175 448
16192 487
16208 530
16224 568
16241 606
16257 635
16273 679
16290 712
16306 757
16322 801
16338 844
16355 901
16371 949
16387 972
16404 1032
16420 1071
16436 1115
16453 1157
16469 1192
16485 1232
16502 1274
16518 1301
16534 1359
16551 1404
16567 1448
16583 1484
16600 1526
16616 1560
16632 1601
16649 1627
16665 1670
16681 1719
16698 1736
16714 1805
16730 1869
16747 1902
16763 1944
16779 1984
16795 2025
16812 2065
16828 2105
16844 2147
16861 2186
16877 2225
16893 2264
16910 2301
16926 2347
16942 2381
16959 2392
16975 2460
16992 2432
17009 2418
17025 2413
17042 2411
17058 2419
17075 2414
17091 2399
17107 2391
17124 2378
17140 2364
17156 2354
17173 2343
17189 2334
17205 2330
17222 2317
17238 2309
17254 2296
17271 2287
17287 2274
17303 2267
17320 2258
17336 2231
17352 2219
17368 2209
17385 2205
17401 2198
17417 2196
17434 2199
17450 2194
17466 2176
17483 2164
17499 2153
17515 2143
17532 2132
17548 2121
17564 2112
17581 2094
17597 2090
17613 2079
17630 2075
17646 2060
17662 2049
17679 2042
17695 2033
17711 2000
17728 1990
17744 1979
17760 1976
17777 1979
17793 1980
17809 1969
17825 1966
17842 1943
17858 1941
17874 1928
17891 1915
17907 1902
17923 1897
17940 1885
17956 1871
17972 1864
17990 1851
18006 1835
18023 1832
18039 1808
18056 1792
18072 1785
18088 1768
18105 1771
18121 1774
18137 1771
18154 1758
18170 1740
18186 1736
18203 1729
18219 1710
18235 1703
18252 1691
18268 1680
18284 1669
18301 1662
18317 1656
18333 1646
18350 1631
18366 1618
18382 1609
18398 1585
18415 1565
18431 1559
18447 1551
18464 1546
18480 1537
18496 1555
18513 1540
18529 1526
18545 1511
18562 1502
18578 1491
18594 1482
18611 1471
18627 1453
18643 1447
18660 1439
18676 1429
18692 1418
18709 1405
18725 1398
18741 1386
18758 1383
18774 1348
18790 1339
18807 1325
18823 1338
18839 1311
18855 1319
18872 1315
18888 1308
18904 1294
18921 1282
18937 1265
18953 1258
18970 1243
18987 1236
19004 1228
19020 1214
19037 1206
19053 1192
19069 1182
19086 1173
19102 1141
19118 1132
19135 1125
19151 1118
19167 1109
19184 1118
19200 1114
19216 1101
19233 1095
19249 1079
19265 1068
19282 1058
19298 1044
19314 1033
19331 1069
19347 1010
19363 992
19380 989
19396 981
19412 970
19428 963
19445 944
19461 954
19477 910
19494 902
19510 893
19526 891
19543 878
19559 892
19575 885
19592 876
19608 859
19624 848
19641 833
19657 823
19673 820
19690 798
19706 787
19722 787
19739 769
19755 765
19771 753
19788 736
19804 728
19820 721
19837 691
19853 676
19869 674
19885 670
19902 656
19918 654
19934 663
19951 656
19967 643
19985 623
20001 615
20018 601
20034 587
20050 577
20067 569
20083 561
20099 550
20116 544
20132 540
20148 525
20165 453
20181 479
20197 474
20214 465
20230 461
20246 452
20263 470
20279 460
20295 445
20312 434
20328 422
20344 407
20361 399
20377 386
20393 372
20410 364
20426 359
20442 350
20458 344
20475 330
20491 318
20507 310
20524 286
20540 269
20556 261
20573 257
20589 252
20605 244
20622 253
20638 241
20654 236
20671 224
20687 213
20703 203
20720 192
20736 177
20752 169
20769 158
20785 150
20801 158
20818 130
20834 121
20850 118
20867 103
20883 97
20899 74
20915 58
20932 53
20948 40
20964 33
20981 55
20998 42
21015 26
21031 18
21047 54
21064 87
21080 123
21096 155
21112 195
21129 234
21145 274
21161 315
21178 355
21194 393
21210 432
21227 470
21243 503
21259 534
21276 577
21292 625
21308 666
21325 712
21341 777
21357 814
21374 861
21390 893
21406 929
21423 968
21439 1014
21455 1050
21472 1091
21488 1130
21504 1170
21521 1214
21537 1258
21553 1294
21569 1346
21586 1378
21602 1429
21618 1447
21635 1495
21651 1536
21667 1580
21684 1624
21700 1682
21716 1731
21733 1771
21749 1808
21765 1849
21782 1889
21798 1925
21814 1967
21831 2006
21847 2041
21863 2093
21880 2134
21896 2168
21912 2213
21929 2255
21945 2293
21961 2328
21978 2354
21995 2396
22011 2439
22028 2441
22044 2454
22060 2446
22077 2436
22093 2421
22109 2411
22126 2394
22142 2390
22158 2374
22175 2337
22191 2361
22207 2351
22224 2345
22240 2334
22256 2315
22272 2310
22289 2299
22305 2281
22321 2260
22338 2248
22354 2236
22370 2237
22387 2224
22403 2219
22419 2230
22436 2223
22452 2211
22468 2201
22485 2187
22501 2177
22517 2167
22534 2154
22550 2139
22566 2135
22583 2127
22599 2113
22615 2101
22632 2088
22648 2077
22664 2081
22681 2068
22697 2053
22713 2022
22729 2014
22746 2007
22762 2002
22778 2007
22795 2007
22811 1987
22827 1987
22844 1960
22860 1957
22876 1939
22893 1932
22909 1920
22925 1915
22942 1906
22958 1895
22974 1887
22992 1873
23008 1857
23025 1836
23041 1821
23058 1814
23074 1812
23090 1801
23107 1809
23123 1808
23139 1781
23156 1784
23172 1769
23188 1755
23205 1749
23221 1734
23237 1723
23254 1706
23270 1703
23286 1691
23302 1681
23319 1671
23335 1663
23351 1651
23368 1642
23384 1620
23400 1605
23417 1593
23433 1584
23449 1578
23466 1574
23482 1579
23498 1576
23515 1562
23531 1549
23547 1539
23564 1526
23580 1511
23596 1499
23613 1483
23629 1481
23645 1468
23662 1463
23678 1453
23694 1442
23711 1432
23727 1422
23743 1406
23759 1381
23776 1355
23792 1361
23808 1355
23825 1344
23841 1348
23857 1352
23874 1342
23890 1331
23906 1316
23923 1306
23939 1290
23955 1283
23972 1264
23989 1261
24006 1240
24022 1237
24039 1226
24055 1214
24071 1201
24088 1152
24104 1166
24120 1158
24137 1151
24153 1142
24169 1139
24186 1149
24202 1138
24218 1119
24235 1113
24251 1099
24267 1089
24284 1076
24300 1067
24316 1049
24332 1049
24349 1035
24365 1031
24381 1014
24398 1005
24414 992
24430 983
24447 971
24463 945
24479 933
24496 925
24512 921
24528 905
24545 922
24561 915
24577 903
24594 897
24610 883
24626 868
24643 857
24659 845
24675 823
24692 825
24708 815
24724 807
24741 797
24757 785
24773 778
24789 767
24806 749
24822 718
24838 710
24855 706
24871 693
24887 693
24904 683
24920 702
24936 690
24953 677
24969 662
24986 646
25003 632
25019 620
25036 618
25052 609
25069 597
25085 584
25101 576
25118 565
25134 549
25150 526
25167 511
25183 507
25199 502
25216 492
25232 486
25248 483
25265 496
25281 475
25297 457
25314 452
25330 441
25346 438
25362 420
25379 407
25395 402
25411 393
25428 381
25444 374
25460 363
25477 350
25493 345
25509 327
25526 311
25542 295
25558 286
25575 278
25591 271
25607 281
25624 282
25640 269
25656 258
25673 247
25689 236
25705 222
25722 211
25738 199
25754 184
25771 180
25787 176
25803 164
25819 156
25836 141
25852 141
25868 122
25885 110
25901 85
25917 81
25934 76
25950 66
25966 58
25984 75
26000 59
26017 47
26033 33
26050 24
26066 13
26082 31
26099 79
26115 115
26131 151
26148 195
26164 229
26180 261
26197 302
26213 334
26229 359
26246 403
26262 448
26278 492
26295 589
26311 596
26327 643
26344 679
26360 714
26376 752
26392 795
26409 826
26425 850
26441 912
26458 961
26474 997
26490 1043
26507 1078
26523 1121
26539 1162
26556 1206
26572 1240
26588 1272
26605 1310
26621 1357
26637 1401
26654 1445
26670 1516
26686 1554
26703 1592
26719 1631
26735 1663
26752 1711
26768 1750
26784 1792
26801 1769
26817 1867
26833 1915
26849 1960
26866 1995
26882 2037
26898 2076
26915 2115
26931 2158
26947 2194
26964 2218
26980 2263
26998 2309
27014 2372
27031 2415
27047 2455
27063 2488
27079 2455
27096 2439
27112 2431
27128 2418
27145 2405
27161 2399
27177 2390
27194 2375
27210 2374
27226 2364
27243 2350
27259 2350
27275 2329
27292 2308
27308 2291
27324 2283
27341 2278
27357 2267
27373 2250
27390 2283
27406 2267
27422 2255
27439 2243
27455 2229
27471 2221
27488 2205
27504 2191
27520 2182
27536 2175
27553 2166
27569 2160
27585 2145
27602 2141
27618 2129
27634 2116
27651 2103
27667 2072
27683 2065
27700 2055
27716 2052
27732 2049
27749 2057
27765 2054
27781 2042
27798 2031
27814 2014
27830 2004
27847 1990
27863 1976
27879 1958
27896 1953
27912 1942
27928 1940
27945 1923
27961 1916
27977 1906
27995 1891
28011 1870
28028 1858
28044 1857
28061 1846
28077 1864
28093 1848
28109 1843
28126 1826
28142 1810
28158 1801
28175 1787
28191 1779
28207 1767
28224 1754
28240 1748
28256 1737
28273 1720
28289 1711
28305 1704
28322 1693
28338 1683
28354 1661
28371 1649
28387 1634
28403 1632
28420 1621
28436 1617
28452 1628
28469 1621
28485 1604
28501 1593
28518 1579
28534 1565
28550 1559
28566 1542
28583 1535
28599 1525
28615 1509
28632 1504
28648 1491
28664 1484
28681 1469
28697 1446
28713 1449
28730 1434
28746 1410
28762 1407
28779 1399
28795 1392
28811 1393
28828 1398
28844 1385
28860 1375
28877 1358
28893 1346
28909 1334
28926 1326
28942 1311
28958 1325
28975 1288
28992 1288
29009 1277
29025 1263
29042 1253
29058 1224
29074 1207
29091 1196
29107 1195
29123 1185
29139 1193
29156 1191
29172 1177
29188 1171
29205 1159
29221 1143
29237 1134
29254 1121
29270 1111
29286 1098
29303 1091
29319 1078
29335 1079
29352 1074
29368 1059
29384 1050
29401 1040
29417 1009
29433 990
29450 980
29466 969
29482 963
29499 954
29515 967
29531 967
29548 957
29564 936
29580 923
29596 900
29613 878
29629 874
29645 859
29662 852
29678 844
29694 843
29711 850
29727 844
29743 828
29760 817
29776 803
29792 770
29809 753
29825 748
29841 740
29858 738
29874 738
29890 742
29907 730
29923 721
29939 705
29956 691
29972 660
29989 658
30006 651
30022 639
30039 650
30055 640
30072 623
30088 606
30104 603
30121 566
30137 562
30153 550
30169 543
30186 538
30202 534
30218 534
30235 521
30251 511
30267 509
30284 493
30300 465
30316 454
30333 448
30349 444
30365 434
30382 424
30398 425
30414 422
30431 420
30447 401
30463 391
30480 377
30496 346
30512 337
30529 323
30545 323
30561 316
30578 318
30594 322
30610 306
30626 300
30643 284
30659 261
30675 243
30692 235
30708 228
30724 224
30741 212
30757 202
30773 214
30790 209
30806 189
30822 180
30839 166
30855 143
30871 127
30888 123
30904 110
30920 113
30937 101
30953 117
30969 107
30987 89
31003 57
31020 46
31036 42
31053 34
31069 34
31085 17
31102 26
31118 23
31134 74
31151 106
31167 150
31183 166
31199 195
31216 239
31232 280
31248 326
31265 366
31281 404
31297 446
31314 484
31330 525
31346 565
31363 611
31379 650
31395 689
31412 731
31428 773
31444 812
31461 837
31477 894
31493 933
31510 977
31526 1021
31542 1061
31559 1109
31575 1148
31591 1188
31608 1229
31624 1275
31640 1311
31656 1356
31673 1396
31689 1437
31705 1480
31722 1525
31738 1564
31754 1607
31771 1645
31787 1690
31803 1728
31820 1775
31836 1810
31852 1847
31869 1897
31885 1936
31901 1977
31918 2022
31934 2062
31950 2106
31967 2138
31984 2154
32001 2232
32017 2264
32033 2304
32050 2343
32066 2384
32082 2423
32099 2463
32115 2447
32131 2436
32148 2423
32164 2410
32180 2403
32196 2394
32213 2383
32229 2380
32245 2366
32262 2357
32278 2350
32294 2327
32311 2326
32327 2316
32343 2312
32360 2323
32376 2301
32392 2293
32409 2279
32425 2278
32441 2259
32458 2249
32474 2234
32490 2227
32507 2213
32523 2209
32539 2198
32556 2191
32572 2178
32588 2168
32605 2160
32621 2152
32637 2119
32653 2111
32670 2102
32686 2093
32702 2086
32719 2098
32735 2091
32751 2084
32768 2067
32784 2057
32800 2053
32817 2033
32833 2022
32849 2013
32866 2000
32882 1990
32898 1978
32915 1973
32931 1954
32947 1947
32964 1942
32980 1917
32998 1899
33014 1894
33031 1890
33047 1890
33063 1883
33080 1872
33096 1868
33112 1853
33129 1845
33145 1829
33161 1824
33178 1810
33194 1800
33210 1788
33226 1778
33243 1783
33259 1758
33275 1747
33292 1740
33308 1730
33324 1706
33341 1686
33357 1681
33373 1655
33390 1662
33406 1656
33422 1669
33439 1651
33455 1653
33471 1636
33488 1626
33504 1613
33520 1600
33537 1590
33553 1583
33569 1565
33586 1557
33602 1546
33618 1547
33635 1525
33651 1519
33667 1510
33683 1500
33700 1466
33716 1464
33732 1448
33749 1419
33765 1430
33781 1441
33798 1435
33814 1426
33830 1409
33847 1406
33863 1391
33879 1382
33896 1373
33912 1355
33928 1423
33945 1336
33961 1323
33977 1318
33995 1306
34011 1294
34027 1286
34044 1255
34060 1250
34076 1237
34093 1230
34109 1218
34125 1230
34142 1221
34158 1209
34174 1198
34191 1188
34207 1179
34223 1164
34240 1178
34256 1142
34272 1128
34289 1123
34305 1112
34321 1105
34338 1089
34354 1090
34370 1069
34386 1065
34403 1035
34419 1024
34435 1009
34452 1001
34468 995
34484 989
34501 1000
34517 991
34533 971
34550 970
34566 955
34582 947
34599 934
34615 923
34631 910
34648 903
34664 914
34680 883
34697 864
34713 857
34729 843
34746 826
34762 818
34778 809
34795 794
34811 785
34827 767
34843 769
34860 771
34876 776
34892 768
34909 748
34925 734
34941 725
34958 708
34974 708
34992 688
35008 683
35024 669
35041 658
35057 650
35074 639
35090 636
35106 607
35123 589
35139 565
35155 576
35172 567
35188 576
35204 571
35221 557
35237 541
35253 509
35270 525
35286 518
35302 504
35319 497
35335 481
35351 473
35368 459
35384 457
35400 400
35416 432
35433 420
35449 412
35465 392
35482 377
35498 362
35514 360
35531 352
35547 346
35563 369
35580 352
35596 334
35612 327
35629 313
35645 302
35661 292
35678 284
35694 271
35710 264
35727 255
35743 245
35759 230
35776 243
35792 214
35808 203
35825 194
35841 172
35857 156
35873 145
35890 143
35906 143
35922 142
35939 145
35955 142
35971 123
35989 104
36005 99
36022 84
36038 74
36055 67
36071 56
36087 47
36104 35
36120 30
36136 18
36153 10
36169 31
36185 69
36202 109
36218 145
36234 191
36251 231
36267 294
36283 337
36300 369
36316 406
36332 442
36349 486
36365 520
36381 559
36398 600
36414 643
36430 685
36446 722
36463 762
36479 805
36495 846
36512 885
36528 965
36544 955
36561 995
36577 1039
36593 1085
36610 1131
36626 1191
36642 1239
36659 1278
36675 1313
36691 1350
36708 1392
36724 1413
36740 1473
36757 1508
36773 1554
36789 1591
36806 1640
36822 1678
36838 1722
36855 1760
36871 1815
36887 1845
36903 1874
36920 1909
36936 1950
36952 1993
36969 2039
36986 2113
37003 2150
37019 2187
37036 2216
37052 2262
37068 2295
37085 2331
37101 2374
37117 2413
37134 2447
37150 2457
37166 2442
37183 2438
37199 2424
37215 2413
37232 2387
37248 2375
37264 2361
37281 2361
37297 2351
37313 2348
37330 2360
37346 2346
37362 2341
37379 2328
37395 2313
37411 2304
37428 2288
37444 2278
37460 2262
37476 2259
37493 2248
37509 2252
37525 2231
37542 2222
37558 2213
37574 2204
37591 2187
37607 2167
37623 2151
37640 2139
37656 2135
37672 2126
37689 2135
37705 2139
37721 2122
37738 2113
37754 2101
37770 2090
37787 2074
37803 2069
37819 2047
37836 2038
37852 2031
37868 2020
37885 2010
37901 2002
37917 1991
37933 1981
37950 1973
37966 1961
37984 1939
38001 1933
38017 1945
38034 1937
38050 1924
38066 1909
38083 1896
38099 1888
38115 1876
38132 1860
38148 1847
38164 1834
38181 1827
38197 1817
38213 1799
38230 1800
38246 1789
38262 1781
38279 1765
38295 1760
38311 1734
38328 1727
38344 1718
38360 1711
38377 1720
38393 1717
38409 1699
38426 1697
38442 1677
38458 1665
38475 1656
38491 1645
38507 1627
38523 1623
38540 1616
38556 1630
38572 1592
38589 1584
38605 1568
38621 1563
38638 1545
38654 1525
38670 1507
38687 1504
38703 1493
38719 1489
38736 1486
38752 1496
38768 1481
38785 1475
38801 1450
38817 1447
38834 1432
38850 1424
38866 1408
38883 1397
38899 1393
38915 1385
38932 1367
38948 1360
38964 1350
38980 1335
38998 1305
39014 1297
39031 1291
39047 1284
39063 1275
39080 1278
39096 1281
39112 1274
39129 1254
39145 1248
39161 1229
39178 1220
39194 1205
39210 1196
39227 1181
39243 1189
39259 1166
39275 1157
39292 1146
39308 1135
39324 1120
39341 1113
39357 1092
39373 1061
39390 1065
39406 1058
39422 1051
39439 1043
39455 1052
39471 1051
39488 1035
39504 1026
39520 1010
39537 996
39553 986
39569 975
39586 958
39602 955
39618 945
39635 936
39651 918
39667 914
39684 904
39700 897
39716 877
39732 854
39749 854
39765 834
39781 825
39798 823
39814 820
39830 825
39847 814
39863 805
39879 804
39896 776
39912 761
39928 753
39945 743
39961 729
39977 724
39995 711
40011 699
40028 692
40044 679
40061 640
40077 643
40093 632
40110 623
40126 621
40142 611
40159 627
40175 616
40191 604
40208 591
40224 581
40240 563
40256 558
40273 544
40289 533
40305 524
40322 520
40338 506
40354 495
40371 487
40387 444
40403 460
40420 452
40436 442
40452 419
40469 409
40485 421
40501 398
40518 408
40534 397
40550 385
40567 379
40583 367
40599 354
40616 346
40632 330
40648 318
40665 309
40681 306
40697 278
40713 287
40730 276
40746 271
40762 258
40779 243
40795 223
40811 204
40828 197
40844 193
40860 183
40877 178
40893 188
40909 188
40926 173
40942 163
40958 149
40975 140
40992 118
41008 113
41025 107
41041 97
41058 93
41074 77
41091 73
41107 34
41123 35
41140 19
41156 12
41172 4
41189 0
41205 30
41221 90
41238 130
41254 168
41270 199
41286 237
41303 272
41319 285
41335 348
41352 385
41368 424
41384 463
41401 507
41417 551
41433 588
41450 657
41466 667
41482 711
41499 736
41515 771
41531 814
41548 865
41564 905
41580 961
41597 1015
41613 1062
41629 1094
41646 1136
41662 1171
41678 1215
41695 1258
41711 1294
41727 1335
41743 1382
41760 1422
41776 1466
41792 1504
41809 1546
41825 1585
41841 1627
41858 1655
41874 1690
41890 1731
41907 1776
41923 1821
41939 1867
41956 1927
41972 1978
41989 2010
42006 2049
42022 2084
42039 2127
42055 2165
42072 2230
42088 2259
42104 2291
42121 2330
42137 2369
42153 2405
42170 2441
42186 2453
42202 2424
42219 2416
42235 2406
42251 2402
42268 2395
42284 2407
42300 2404
42316 2390
42333 2377
42349 2367
42365 2350
42382 2343
42398 2277
42414 2315
42431 2308
42447 2304
42463 2289
42480 2284
42496 2273
42512 2263
42529 2238
42545 2239
42561 2214
42578 2200
42594 2193
42610 2193
42627 2177
42643 2165
42659 2186
42676 2179
42692 2162
42708 2150
42725 2137
42741 2128
42757 2120
42773 2105
42790 2089
42806 2087
42822 2077
42839 2066
42855 2052
42871 2044
42888 2034
42904 2028
42920 2009
42937 1988
42953 1975
42969 1968
42987 1968
43003 1981
43020 1966
43036 1949
43053 1942
43069 1921
43085 1917
43102 1904
43118 1890
43134 1887
43151 1879
43167 1862
43183 1859
43200 1843
43216 1827
43232 1823
43249 1808
43265 1778
43281 1775
43298 1764
43314 1761
43330 1750
43346 1762
43363 1763
43379 1751
43395 1728
43412 1722
43428 1708
43444 1696
43461 1682
43477 1673
43493 1653
43510 1653
43526 1645
43542 1634
43559 1626
43575 1621
43591 1605
43608 1592
43624 1571
43640 1550
43657 1541
43673 1540
43689 1528
43706 1524
43722 1550
43738 1527
43755 1513
43771 1499
43787 1488
43803 1477
43820 1465
43836 1454
43852 1437
43869 1435
43885 1423
43901 1417
43918 1401
43934 1389
43950 1382
43967 1374
43984 1341
44000 1327
44017 1329
44033 1317
44050 1331
44066 1324
44083 1317
44099 1295
44115 1285
44132 1272
44148 1262
44164 1246
44181 1238
44197 1228
44213 1221
44230 1210
44246 1197
44262 1185
44279 1182
44295 1166
44311 1154
44328 1126
44344 1115
44360 1107
44376 1103
44393 1093
44409 1098
44425 1109
44442 1091
44458 1075
44474 1063
44491 1051
44507 1043
44523 1028
44540 1016
44556 999
44572 989
44589 975
44605 967
44621 957
44638 953
44654 942
44670 935
44687 928
44703 899
44719 891
44736 873
44752 873
44768 865
44785 872
44801 861
44817 855
44833 844
44850 831
44866 819
44882 806
44899 803
44915 782
44931 771
44948 764
44964 756
44980 743
44998 734
45014 723
45031 697
45047 697
45063 677
45080 676
45096 664
45112 658
45129 675
45145 661
45161 644
45178 631
45194 619
45210 609
45227 594
45243 582
45259 573
45276 565
45292 556
45308 547
45325 533
45341 530
45357 516
45374 505
45390 499
45406 469
45423 456
45439 461
45455 441
45471 435
45488 446
45504 441
45520 432
45537 422
45553 406
45569 399
45586 389
45602 375
45618 361
45635 354
45651 338
45667 337
45684 332
45700 317
45716 305
45733 297
45749 287
45765 263
45782 248
45798 235
45814 232
45831 227
45847 222
45863 237
45880 224
45896 214
45912 196
45928 190
45945 166
45961 166
45977 157
45995 140
46012 136
46028 144
46044 132
46061 111
46077 106
46093 81
46110 60
46126 48
46142 49
46159 41
46175 36
46191 50
46208 39
46224 20
46240 18
46257 71
46273 94
46289 135
46306 166
46322 202
46338 248
46355 286
46371 333
46387 390
46404 427
46420 466
46436 504
46453 541
46469 569
46485 600
46501 637
46518 686
46534 741
46550 784
46567 837
46583 877
46599 915
46616 955
46632 988
46648 1013
46665 1061
46681 1107
46697 1148
46714 1191
46730 1230
46746 1291
46763 1338
46779 1377
46795 1413
46812 1451
46828 1485
46844 1509
46861 1554
46877 1599
46893 1643
46910 1687
46926 1749
46942 1796
46958 1839
46975 1870
46992 1895
47009 1933
47025 1977
47042 2024
47058 2062
47074 2124
47091 2168
47107 2205
47123 2244
47140 2282
47156 2313
47172 2335
47189 2375
47205 2415
47221 2456
47238 2438
47254 2446
47270 2443
47287 2448
47303 2421
47319 2407
47336 2383
47352 2363
47368 2360
47385 2351
47401 2344
47417 2334
47434 2326
47450 2333
47466 2327
47483 2307
47499 2301
47515 2287
47531 2257
47548 2230
47564 2234
47580 2231
47597 2227
47613 2224
47629 2233
47646 2222
47662 2204
47678 2197
47695 2182
47711 2150
47727 2147
47744 2132
47760 2124
47776 2115
47793 2109
47809 2112
47825 2107
47842 2097
47858 2090
47874 2076
47891 2066
47907 2047
47923 2038
47940 2024
47956 2018
47972 2001
47990 1992
48006 1987
48023 1971
48039 1966
48056 1954
48072 1947
48088 1931
48104 1922
48121 1911
48137 1902
48153 1889
48170 1881
48186 1870
48202 1863
48219 1854
48235 1847
48251 1834
48268 1821
48284 1812
48300 1803
48317 1793
48333 1784
48349 1771
48366 1765
48382 1751
48398 1740
48415 1734
48431 1721
48447 1704
48464 1705
48480 1690
48496 1682
48513 1674
48529 1683
48545 1650
48561 1644
48578 1632
48594 1623
48610 1614
48627 1603
48643 1590
48659 1580
48676 1566
48692 1567
48708 1558
48725 1537
48741 1525
48757 1524
48774 1513
48790 1502
48806 1490
48823 1491
48839 1472
48855 1463
48872 1451
48888 1441
48904 1430
48921 1417
48937 1409
48953 1403
48970 1387
48987 1370
49004 1362
49020 1372
49037 1373
49053 1351
49069 1344
49086 1327
49102 1315
49118 1305
49134 1292
49151 1280
49167 1275
49183 1263
49200 1256
49216 1245
49232 1235
49249 1222
49265 1216
49281 1202
49298 1173
49314 1158
49330 1151
49347 1150
49363 1139
49379 1143
49396 1147
49412 1132
49428 1115
49445 1106
49461 1099
49477 1082
49494 1075
49510 1063
49526 1052
49543 1037
49559 1031
49575 1019
49591 1011
49608 999
49624 987
49640 978
49657 960
49673 936
49689 931
49706 922
49722 911
49738 907
49755 921
49771 913
49787 897
49804 882
49820 873
49836 862
49853 850
49869 840
49885 830
49902 817
49918 805
49934 797
49951 788
49967 778
49984 771
50001 736
50017 722
50034 719
50050 715
50067 706
50083 719
50099 689
50116 701
50132 686
50148 674
50164 664
50181 650
50197 639
50213 639
50230 615
50246 608
50262 600
50279 587
50295 581
50311 570
50328 566
50344 549
50360 525
50377 508
50393 499
50409 494
50426 489
50442 489
50458 490
50475 484
50491 474
50507 457
50524 448
50540 437
50556 428
50573 413
50589 408
50605 393
50621 383
50638 376
50654 368
50670 367
50687 349
50703 336
50719 321
50736 302
50752 287
50768 282
50785 271
50801 270
50817 280
50834 262
50850 259
50866 249
50883 239
50899 233
50915 216
50932 171
50948 198
50964 187
50981 176
50998 166
51015 155
51031 146
51048 140
51064 107
51080 96
51097 92
51113 91
51129 81
51146 91
51162 92
51178 68
51194 61
51211 54
51227 45
51243 33
51260 19
51276 11
51292 59
51309 92
51325 131
51341 171
51358 209
51374 245
51390 278
51407 316
51423 351
51439 388
51456 432
51472 470
51488 516
51505 553
51521 618
51537 663
51554 698
51570 736
51586 777
51603 811
51619 854
51635 901
51651 937
51668 978
51684 1022
51700 1062
51717 1107
51733 1148
51749 1189
51766 1229
51782 1275
51798 1294
51815 1335
51831 1373
51847 1421
51864 1468
51880 1524
51896 1574
51913 1614
51929 1649
51945 1687
51962 1731
51978 1780
51995 1818
52012 1856
52028 1898
52045 1946
52061 1990
52077 2021
52094 2061
52110 2106
52126 2126
52143 2160
52159 2207
52175 2245
52192 2287
52208 2337
52224 2397
52241 2436
52257 2468
52273 2459
52290 2445
52306 2436
52322 2424
52338 2415
52355 2404
52371 2395
52387 2386
52404 2378
52420 2366
52436 2359
52453 2349
52469 2336
52485 2327
52502 2303
52518 2287
52534 2281
52551 2252
52567 2264
52583 2270
52600 2270
52616 2258
52632 2251
52649 2234
52665 2221
52681 2212
52698 2231
52714 2189
52730 2183
52747 2171
52763 2161
52779 2153
52795 2137
52812 2130
52828 2120
52844 2105
52861 2109
52877 2072
52893 2067
52910 2053
52926 2048
52942 2039
52959 2052
52975 2047
52992 2031
53009 2018
53025 2003
53042 1990
53058 1979
53075 1969
53091 1962
53107 1949
53124 1936
53140 1932
53156 1920
53173 1943
53189 1897
53205 1874
53222 1864
53238 1859
53254 1851
53271 1842
53287 1854
53303 1856
53320 1831
53336 1820
53352 1806
53368 1792
53385 1782
53401 1772
53417 1752
53434 1746
53450 1743
53466 1729
53483 1722
53499 1708
53515 1694
53532 1697
53548 1679
53564 1655
53581 1643
53597 1630
53613 1625
53630 1615
53646 1620
53662 1625
53679 1612
53695 1599
53711 1585
53728 1573
53744 1562
53760 1553
53777 1532
53793 1518
53809 1513
53825 1507
53842 1499
53858 1492
53874 1480
53891 1466
53907 1458
53923 1450
53940 1417
53956 1409
53972 1399
53990 1411
54006 1405
54023 1401
54039 1384
54056 1368
54072 1357
54088 1347
54105 1333
54121 1322
54137 1312
54154 1303
54170 1292
54186 1283
54203 1277
54219 1262
54235 1258
54252 1244
54268 1217
54284 1206
54301 1206
54317 1190
54333 1187
54350 1189
54366 1189
54382 1173
54398 1162
54415 1144
54431 1137
54447 1127
54464 1111
54480 1100
54496 1089
54513 1077
54529 1069
54545 1061
54562 1051
54578 1040
54594 1032
54611 1047
54627 1005
54643 982
54660 970
54676 967
54692 957
54709 948
54725 967
54741 953
54758 944
54774 934
54790 918
54807 903
54823 898
54839 873
54855 871
54872 857
54888 848
54904 836
54921 831
54937 815
54953 817
54970 801
54987 773
55004 770
55020 760
55037 754
55053 763
55069 756
55086 784
55102 730
55118 715
55135 702
55151 688
55167 682
55184 664
55200 661
55216 639
55233 642
55249 633
55265 626
55282 611
55298 603
55314 585
55331 565
55347 552
55363 542
55380 540
55396 529
55412 535
55428 538
55445 524
55461 519
55477 505
55494 486
55510 474
55526 461
55543 449
55559 437
55575 434
55592 427
55608 419
55624 409
55641 396
55657 389
55673 375
55690 355
55706 335
55722 329
55739 321
55755 319
55771 310
55788 321
55804 314
55820 294
55837 290
55853 279
55869 267
55885 254
55902 248
55918 232
55934 217
55951 207
55967 200
55985 193
56001 191
56018 175
56034 151
56050 137
56067 132
56083 129
56099 121
56116 133
56132 131
56148 115
56165 105
56181 92
56197 84
56214 67
56230 59
56246 47
56263 41
56279 31
56295 25
56312 11
56328 44
56344 81
56361 118
56377 157
56393 179
56410 217
56426 261
56442 299
56458 345
56475 387
56491 451
56507 492
56524 528
56540 560
56556 603
56573 639
56589 679
56605 716
56622 759
56638 797
56654 844
56671 884
56687 926
56703 967
56720 1013
56736 1045
56752 1094
56769 1115
56785 1156
56801 1203
56818 1250
56834 1291
56850 1353
56867 1399
56883 1442
56899 1476
56915 1516
56932 1554
56948 1598
56964 1632
56981 1685
56998 1722
57015 1766
57031 1809
57047 1851
57064 1888
57080 1929
57096 1966
57112 1985
57129 2034
57145 2074
57161 2119
57178 2159
57194 2218
57210 2264
57227 2302
57243 2339
57259 2377
57276 2419
57292 2454
57308 2460
57325 2440
57341 2441
57357 2429
57374 2417
57390 2409
57406 2399
57423 2390
57439 2380
57455 2364
57472 2342
57488 2324
57504 2318
57521 2308
57537 2306
57553 2303
57569 2310
57586 2303
57602 2295
57618 2277
57635 2268
57651 2255
57667 2236
57684 2231
57700 2221
57716 2212
57733 2206
57749 2195
57765 2181
57782 2170
57798 2161
57814 2146
57831 2140
57847 2112
57863 2105
57880 2086
57896 2084
57912 2082
57929 2094
57945 2089
57961 2079
57978 2063
57995 2045
58011 2034
58028 2017
58044 2004
58060 2012
58077 1996
58093 1986
58109 1977
58126 1963
58142 1957
58158 1941
58175 1935
58191 1924
58207 1898
58224 1889
58240 1878
58256 1874
58272 1883
58289 1882
58305 1870
58321 1853
58338 1841
58354 1822
58370 1814
58387 1804
58403 1789
58419 1783
58436 1776
58452 1765
58468 1759
58485 1747
58501 1738
58517 1726
58534 1713
58550 1688
58566 1674
58583 1663
58599 1660
58615 1650
58632 1643
58648 1648
58664 1643
58681 1634
58697 1618
58713 1609
58729 1596
58746 1583
58762 1574
58778 1558
58795 1557
58811 1546
58827 1537
58844 1526
58860 1516
58876 1505
58893 1493
58909 1481
58925 1453
58942 1439
58958 1438
58974 1427
58992 1445
59008 1435
59025 1419
59041 1408
59058 1393
59074 1384
59090 1369
59107 1355
59123 1351
59139 1348
59156 1335
59172 1329
59188 1308
59205 1299
59221 1287
59237 1276
59254 1245
59270 1239
59286 1230
59302 1214
59319 1215
59335 1224
59351 1223
59368 1214
59384 1200
59400 1187
59417 1171
59433 1162
59449 1149
59466 1137
59482 1125
59498 1118
59515 1104
59531 1096
59547 1083
59564 1077
59580 1071
59596 1051
59613 1032
59629 1017
59645 1002
59662 1000
59678 989
59694 987
59711 1000
59727 992
59743 978
59759 963
59776 950
59792 941
59808 929
59825 918
59841 901
59857 895
59874 882
59890 878
59906 864
59923 858
59939 842
59955 838
59972 824
59989 795
60006 793
60022 782
60039 794
60055 786
60071 779
60088 746
60104 748
60120 736
60137 731
60153 711
60169 698
60186 695
60202 686
60218 673
60235 667
60251 655
60267 647
60284 636
60300 619
60316 596
60332 586
60349 577
60365 571
60381 561
60398 562
60414 570
60430 557
60447 536
60463 534
60479 517
60496 508
60512 499
60528 501
60545 478
60561 472
60577 460
60594 452
60610 443
60626 435
60643 419
60659 409
60675 396
60692 375
60708 361
60724 359
60741 347
60757 343
60773 349
60789 345
60806 335
60822 321
60838 310
60855 299
60871 291
60887 275
60904 259
60920 260
60936 250
60953 244
60969 232
60986 220
61003 207
61019 176
61036 169
61052 161
61069 157
61085 146
61101 161
61118 155
61134 148
61150 133
61167 126
61183 111
61199 97
61216 110
61232 81
61248 68
61265 58
61281 42
61297 40
61314 29
61330 21
61346 26
61362 30
61379 56
61395 91
61411 125
61428 169
61444 211
61460 254
61477 318
61493 358
61509 391
61526 431
61542 464
61558 507
61575 543
61591 581
61607 622
61624 660
61640 701
61656 743
61673 782
61689 827
61705 866
61722 895
61738 952
61754 980
61771 1015
61787 1060
61803 1102
61819 1146
61836 1207
61852 1262
61868 1299
61885 1339
61901 1376
61917 1417
61934 1457
61950 1500
61966 1537
61984 1578
62000 1621
62017 1663
62033 1706
62050 1750
62066 1790
62082 1817
62099 1856
62115 1895
62131 1942
62148 1988
62164 2039
62180 2094
62197 2140
62213 2169
62229 2205
62246 2243
62262 2283
62278 2320
62295 2353
62311 2392
62327 2434
62344 2473
62360 2449
62376 2438
62392 2431
62409 2419
62425 2407
62441 2390
62458 2369
62474 2358
62490 2355
62507 2344
62523 2340
62539 2352
62556 2348
62572 2332
62588 2316
62605 2305
62621 2298
62637 2282
62654 2254
62670 2248
62686 2242
62703 2232
62719 2222
62735 2237
62752 2228
62768 2212
62784 2206
62801 2191
62817 2162
62833 2146
62849 2139
62866 2130
62882 2127
62898 2128
62915 2133
62931 2125
62947 2110
62964 2095
62980 2066
62998 2046
63014 2040
63031 2036
63047 2027
63063 2036
63079 2033
63096 2015
63112 1994
63128 1992
63145 1968
63161 1950
63177 1940
63194 1929
63210 1922
63226 1914
63243 1926
63259 1921
63275 1910
63292 1890
63308 1880
63324 1859
63341 1841
63357 1832
63373 1876
63390 1816
63406 1809
63422 1797
63439 1808
63455 1803
63471 1788
63488 1774
63504 1768
63520 1732
63536 1721
63553 1709
63569 1701
63585 1694
63602 1695
63618 1699
63634 1685
63651 1675
63667 1669
63683 1648
63700 1618
63716 1606
63732 1603
63749 1598
63765 1592
63781 1574
63798 1578
63814 1578
63830 1569
63847 1558
63863 1547
63879 1493
63896 1499
63912 1484
63928 1486
63945 1471
63961 1462
63977 1470
63995 1462
64011 1448
64028 1422
64044 1411
64061 1400
64077 1393
64093 1383
64109 1374
64126 1374
64142 1378
64158 1361
64175 1351
64191 1336
64207 1327
64224 1292
64240 1280
64256 1300
64273 1267
64289 1257
64305 1272
64322 1262
64338 1255
64354 1239
64371 1218
64387 1203
64403 1186
64420 1172
64436 1173
64452 1158
64469 1153
64485 1141
64501 1148
64518 1143
64534 1131
64550 1118
64566 1092
64583 1081
64599 1075
64615 1057
64632 1051
64648 1041
64664 1034
64681 1002
64697 1012
64713 1000
64730 994
64746 979
64762 973
64779 962
64795 951
64811 940
64828 934
64844 922
64860 912
64877 904
64893 894
64909 876
64926 874
64942 863
64958 858
64975 841
64992 833
65009 821
65025 807
65042 800
65058 790
65074 782
65091 769
65107 763
65123 749
65139 744
65156 733
65172 718
65188 712
65205 700
65221 690
65237 681
65254 672
65270 640
65286 652
65303 644
65319 628
65335 619
65352 612
65368 603
65384 592
65401 585
65417 568
65433 562
65450 551
65466 543
65482 532
65499 530
65515 510
65531 507
65548 492
65564 483
65580 476
65596 464
65613 452
65629 445
65645 429
65662 410
65678 401
65694 394
65711 386
65727 383
65743 395
65760 386
65776 376
65792 361
65809 354
65825 342
65841 329
65858 321
65874 309
65890 300
65907 290
65923 281
65939 273
65956 263
65972 254
65989 228
66006 213
66022 203
66039 202
66055 192
66072 207
66088 202
66104 189
66121 175
66137 163
66153 154
66169 142
66186 130
66202 125
66218 109
66235 101
66251 94
66267 91
66284 71
66300 65
66316 54
66333 46
66349 16
66365 8
66382 0
66398 0
66414 46
66431 89
66447 147
66463 189
66480 221
66496 260
66512 293
66529 334
66545 369
66561 410
66578 449
66594 493
66610 528
66626 571
66643 610
66659 653
66675 676
66692 732
66708 773
66724 800
66741 836
66757 884
66773 919
66790 970
66806 1028
66822 1080
66839 1115
66855 1155
66871 1195
66888 1236
66904 1280
66920 1320
66937 1356
66953 1404
66969 1442
66987 1487
