2 1798
54 1768
71 1748
87 1735
104 1712
120 1702
136 1697
153 1673
169 1650
185 1620
202 1587
218 1569
234 1546
251 1524
267 1501
283 1476
300 1453
316 1427
332 1405
349 1386
365 1362
381 1342
398 1296
414 1267
430 1242
447 1224
463 1205
479 1182
495 1184
512 1162
528 1133
544 1107
561 1071
577 1050
593 1031
610 1010
626 974
642 963
659 937
675 914
691 890
708 863
724 844
740 829
757 802
773 764
789 734
806 715
822 713
838 682
855 675
871 669
887 644
904 621
920 595
936 569
952 556
969 541
986 515
1003 496
1019 478
1036 442
1052 437
1068 420
1085 407
1101 372
1117 350
1133 334
1150 320
1166 311
1182 301
1199 283
1215 296
1231 278
1248 262
1264 241
1280 230
1297 218
1313 213
1329 197
1346 192
1362 171
1378 166
1395 158
1411 144
1427 140
1444 132
1460 121
1476 91
1493 81
1509 79
1525 78
1542 75
1558 88
1574 98
1590 88
1607 82
1623 73
1639 63
1656 65
1672 62
1688 59
1705 68
1721 61
1737 63
1754 70
1770 66
1786 70
1803 81
1819 83
1835 87
1852 68
1868 77
1884 85
1901 119
1917 109
1933 140
1950 151
1966 158
1984 159
2001 164
2017 175
2033 186
2050 193
2066 206
2082 209
2099 225
2115 238
2131 255
2147 267
2164 259
2180 267
2196 285
2213 301
2229 321
2245 374
2262 383
2278 392
2294 410
2311 419
2327 437
2343 454
2360 472
2376 495
2392 512
2409 530
2425 550
2441 570
2458 584
2474 602
2490 634
2507 651
2523 671
2539 670
2556 689
2572 719
2588 742
2604 764
2621 812
2637 840
2653 859
2670 878
2686 896
2702 910
2719 940
2735 959
2751 985
2768 1002
2784 1030
2800 1048
2817 1073
2833 1095
2849 1123
2866 1148
2882 1156
2898 1173
2915 1198
2931 1216
2947 1248
2964 1279
2980 1330
2997 1356
3014 1368
3030 1391
3046 1407
3063 1438
3079 1460
3095 1483
3112 1503
3128 1529
3144 1548
3161 1567
3177 1589
3193 1613
3210 1639
3226 1662
3242 1662
3259 1679
3275 1715
3291 1729
3307 1754
3324 1779
3340 1822
3356 1843
3373 1861
3389 1875
3405 1889
3422 1914
3438 1933
3454 1955
3471 1971
3487 1989
3503 2008
3520 2027
3536 2034
3552 2054
3569 2074
3585 2099
3601 2105
3618 2102
3634 2110
3650 2129
3667 2148
3683 2165
3699 2200
3716 2222
3732 2228
3748 2239
3764 2250
3781 2248
3797 2267
3813 2279
3830 2285
3846 2298
3862 2303
3879 2311
3895 2317
3911 2323
3928 2327
3944 2347
3960 2347
3977 2339
3994 2340
4010 2344
4027 2357
4043 2387
4060 2388
4076 2388
4092 2386
4109 2380
4125 2388
4141 2390
4158 2396
4174 2391
4190 2387
4207 2384
4223 2381
4239 2373
4256 2372
4272 2371
4288 2372
4305 2361
4321 2336
4337 2333
4354 2340
4370 2325
4386 2324
4402 2333
4419 2329
4435 2324
4451 2314
4468 2299
4484 2272
4500 2278
4517 2271
4533 2255
4549 2247
4566 2235
4582 2224
4598 2204
4615 2174
4631 2184
4647 2172
4664 2159
4680 2122
4696 2102
4713 2087
4729 2079
4745 2067
4762 2051
4778 2059
4794 2038
4811 2026
4827 2000
4843 1976
4859 1960
4876 1943
4892 1922
4908 1904
4925 1920
4941 1861
4957 1828
4974 1818
4991 1799
5008 1775
5024 1734
5040 1708
5057 1691
5073 1673
5089 1653
5106 1650
5122 1639
5138 1611
5155 1587
5171 1557
5187 1535
5204 1511
5220 1492
5236 1456
5253 1448
5269 1419
5285 1397
5302 1367
5318 1343
5334 1319
5351 1303
5367 1277
5383 1241
5400 1202
5416 1174
5432 1161
5449 1142
5465 1115
5481 1114
5497 1100
5514 1071
5530 1042
5546 1027
5563 987
5579 971
5595 959
5612 927
5628 899
5644 879
5661 854
5677 828
5693 804
5710 789
5726 766
5742 749
5759 701
5775 679
5791 659
5808 643
5824 586
5840 629
5857 610
5873 595
5889 573
5906 544
5922 518
5938 507
5954 511
5971 469
5988 447
6005 431
6021 405
6038 390
6054 380
6070 363
6087 333
6103 306
6119 293
6135 280
6152 270
6168 262
6184 273
6201 258
6217 248
6233 228
6250 213
6266 198
6282 192
6299 178
6315 174
6331 157
6348 149
6364 139
6380 130
6397 120
6413 118
6429 111
6446 111
6462 77
6478 70
6495 63
6511 57
6527 60
6544 77
6560 87
6576 79
6592 71
6609 66
6625 53
6641 52
6658 57
6674 60
6690 63
6707 69
6723 71
6739 76
6756 82
6772 85
6788 96
6805 103
6821 95
6837 91
6854 96
6870 107
6886 118
6903 128
6919 161
6935 175
6952 170
6968 187
6985 187
7002 199
7018 207
7035 220
7051 234
7067 242
7084 262
7100 275
7116 290
7133 304
7149 318
7165 310
7182 324
7198 338
7214 361
7230 382
7247 412
7263 446
7279 461
7296 475
7312 491
7328 502
7345 523
7361 537
7377 563
7394 583
7410 597
7426 619
7443 645
7459 658
7475 684
7492 706
7508 731
7524 749
7541 749
7557 768
7573 797
7590 820
7606 847
7622 891
7639 918
7655 934
7671 958
7687 972
7704 999
7720 1019
7736 1041
7753 1063
7769 1089
7785 1111
7802 1135
7818 1157
7834 1181
7851 1204
7867 1235
7883 1255
7900 1243
7916 1278
7932 1308
7949 1332
7965 1368
7981 1418
7999 1439
8015 1459
8031 1479
8048 1496
8064 1522
8080 1540
8097 1561
8113 1583
8129 1609
8146 1626
8162 1655
8178 1678
8195 1691
8211 1718
8227 1742
8244 1737
8260 1759
8276 1780
8293 1805
8309 1831
8325 1853
8341 1896
8358 1918
8374 1932
8390 1949
8407 1963
8423 1981
8439 1996
8456 2016
8472 2033
8488 2051
8505 2064
8521 2085
8537 2097
8554 2116
8570 2135
8586 2146
8603 2160
8619 2149
8635 2163
8652 2182
8668 2194
8684 2211
8701 2244
8717 2255
8733 2262
8750 2279
8766 2280
8782 2292
8798 2297
8815 2309
8831 2315
8847 2297
8864 2318
8880 2329
8896 2355
8913 2364
8929 2363
8945 2370
8962 2367
8978 2355
8995 2354
9012 2369
9028 2371
9045 2398
9061 2392
9078 2395
9094 2393
9110 2388
9127 2379
9143 2370
9159 2369
9176 2366
9192 2369
9208 2364
9225 2410
9241 2381
9257 2376
9274 2362
9290 2359
9306 2323
9323 2316
9339 2307
9355 2309
9371 2301
9388 2299
9404 2310
9420 2299
9437 2289
9453 2279
9469 2260
9486 2228
9502 2219
9518 2209
9535 2186
9551 2190
9567 2173
9584 2164
9600 2174
9616 2156
9633 2139
9649 2123
9665 2094
9682 2068
9698 2044
9714 2030
9731 2018
9747 2005
9763 1998
9780 1996
9796 1974
9812 1952
9828 1930
9845 1910
9861 1861
9877 1849
9894 1833
9910 1811
9926 1789
9943 1778
9959 1764
9975 1758
9993 1729
10009 1705
10026 1655
10042 1636
10058 1617
10075 1595
10091 1575
10107 1572
10124 1561
10140 1531
10156 1507
10173 1472
10189 1441
10205 1411
10222 1388
10238 1367
10254 1347
10271 1323
10287 1302
10303 1303
10320 1276
10336 1244
10352 1222
10369 1194
10385 1144
10401 1116
10418 1100
10434 1075
10450 1059
10466 1051
10483 1033
10499 1010
10515 988
10532 959
10548 936
10564 886
10581 879
10597 850
10613 834
10630 807
10646 789
10662 782
10679 769
10695 740
10711 715
10728 689
10744 660
10760 642
10777 621
10793 598
10809 579
10826 561
10842 544
10858 521
10875 505
10891 485
10907 465
10923 444
10940 429
10956 409
10972 391
10990 372
11006 358
11023 344
11039 328
11056 311
11072 297
11088 284
11104 268
11121 254
11137 239
11153 231
11170 210
11186 211
11202 192
11219 186
11235 170
11251 165
11268 154
11284 144
11300 140
11317 130
11333 119
11349 105
11366 104
11382 99
11398 91
11415 84
11431 82
11447 78
11464 75
11480 66
11496 69
11513 62
11529 59
11545 57
11561 60
11578 48
11594 48
11610 53
11627 56
11643 60
11659 64
11676 79
11692 72
11708 77
11725 96
11741 87
11757 93
11774 103
11790 104
11806 117
11823 103
11839 117
11855 126
11872 138
11888 152
11904 165
11921 199
11937 211
11953 215
11970 223
11987 232
12003 244
12020 255
12036 264
12053 283
12069 295
12085 311
12102 324
12118 341
12134 356
12151 372
12167 364
12183 383
12199 404
12216 422
12232 443
12248 482
12265 506
12281 527
12297 541
12314 557
12330 576
12346 586
12363 611
12379 634
12395 650
12412 673
12428 694
12444 714
12461 737
12477 760
12493 781
12510 827
12526 805
12542 824
12559 846
12575 878
12591 902
12608 927
12624 969
12640 995
12656 1013
12673 1038
12689 1058
12705 1076
12722 1103
12738 1128
12754 1146
12771 1173
12787 1195
12803 1224
12820 1245
12836 1269
12852 1291
12869 1320
12885 1338
12901 1346
12918 1371
12934 1396
12950 1423
12967 1453
12984 1501
13000 1524
13017 1540
13033 1557
13050 1584
13066 1598
13082 1622
13099 1644
13115 1666
13131 1689
13148 1711
13164 1730
13180 1755
13196 1778
13213 1796
13229 1799
13245 1815
13262 1834
13278 1860
13294 1883
13311 1913
13327 1947
13343 1969
13360 1985
13376 2003
13392 2017
13409 2029
13425 2045
13441 2060
13458 2074
13474 2096
13490 2108
13507 2123
13523 2138
13539 2153
13556 2165
13572 2172
13588 2214
13605 2184
13621 2193
13637 2207
13653 2224
13670 2241
13686 2268
13702 2279
13719 2297
13735 2307
13751 2304
13768 2311
13784 2320
13800 2328
13817 2336
13833 2341
13849 2346
13866 2356
13882 2357
13898 2363
13915 2363
13931 2360
13947 2372
13964 2366
13980 2361
13997 2366
14014 2379
14030 2391
14047 2403
14063 2404
14079 2394
14096 2389
14112 2381
14128 2375
14145 2416
14161 2367
14177 2370
14194 2363
14210 2358
14226 2352
14243 2351
14259 2332
14275 2316
14291 2315
14308 2303
14324 2296
14340 2287
14357 2281
14373 2272
14389 2276
14406 2283
14422 2264
14438 2240
14455 2241
14471 2222
14487 2209
14504 2198
14520 2179
14536 2163
14553 2151
14569 2144
14585 2122
14602 2089
14618 2091
14634 2073
14651 2062
14667 2040
14683 2000
14700 1991
14716 1969
14732 1956
14748 1934
14765 1943
14781 1922
14797 1904
14814 1878
14830 1862
14846 1834
14863 1817
14879 1803
14895 1776
14912 1748
14928 1728
14944 1709
14961 1693
14977 1662
14994 1643
15011 1607
15027 1573
15043 1548
15060 1534
15076 1511
15092 1494
15109 1497
15125 1476
15141 1442
15158 1424
15174 1385
15190 1363
15207 1342
15223 1317
15239 1295
15256 1270
15272 1240
15288 1223
15305 1195
15321 1175
15337 1139
15354 1130
15370 1105
15386 1059
15402 1032
15419 1013
15435 993
15451 975
15468 963
15484 953
15500 930
15517 896
15533 880
15549 851
15566 827
15582 806
15598 782
15615 763
15631 739
15647 718
15664 694
15680 679
15696 652
15713 638
15729 618
15745 597
15762 553
15778 534
15794 519
15811 500
15827 486
15843 488
15859 474
15876 454
15892 425
15908 411
15925 383
15941 378
15957 355
15974 344
15991 327
16008 313
16024 298
16040 283
16057 268
16073 262
16089 226
16106 207
16122 200
16138 187
16155 188
16171 165
16187 194
16204 181
16220 176
16236 150
16253 143
16269 132
16285 122
16302 116
16318 109
16334 97
16351 106
16367 89
16383 84
16400 82
16416 81
16432 75
16449 75
16465 44
16481 39
16497 42
16514 41
16530 50
16546 75
16563 77
16579 84
16595 79
16612 77
16628 77
16644 78
16661 83
16677 93
16693 97
16710 105
16726 111
16742 119
16759 124
16775 138
16791 138
16808 159
16824 145
16840 149
16857 161
16873 172
16889 190
16906 202
16922 239
16938 246
16954 259
16971 269
16988 279
17005 291
17021 306
17038 322
17054 333
17070 349
17087 361
17103 374
17119 391
17135 415
17152 434
17168 431
17184 443
17201 466
17217 490
17233 512
17250 540
17266 579
17282 597
17299 612
17315 631
17331 639
17348 667
17364 689
17380 729
17397 731
17413 750
17429 768
17446 792
17462 811
17478 835
17495 860
17511 888
17527 892
17544 913
17560 925
17576 958
17592 985
17609 1012
17625 1059
17641 1085
17658 1102
17674 1122
17690 1139
17707 1166
17723 1191
17739 1217
17756 1237
17772 1262
17788 1285
17805 1308
17821 1325
17837 1357
17854 1381
17870 1403
17886 1429
17903 1436
17919 1451
17935 1478
17952 1507
17968 1530
17985 1583
18002 1602
18018 1615
18035 1634
18051 1661
18067 1683
18084 1706
18100 1725
18116 1786
18133 1770
18149 1784
18165 1803
18182 1830
18198 1860
18214 1871
18230 1871
18247 1889
18263 1903
18279 1929
18296 1951
18312 1976
18328 2023
18345 2035
18361 2047
18377 2069
18394 2069
18410 2088
18426 2111
18443 2122
18459 2141
18475 2151
18492 2164
18508 2179
18524 2176
18541 2199
18557 2216
18573 2230
18590 2238
18606 2237
18622 2239
18639 2247
18655 2265
18671 2279
18687 2305
18704 2323
18720 2332
18736 2335
18753 2337
18769 2359
18785 2346
18802 2358
18818 2357
18834 2364
18851 2368
18867 2375
18883 2376
18900 2384
18916 2377
18932 2384
18949 2389
18965 2380
18981 2373
18999 2374
19015 2374
19031 2390
19048 2394
19064 2392
19080 2385
19097 2376
19113 2365
19129 2365
19146 2383
19162 2359
19178 2353
19195 2341
19211 2337
19227 2328
19244 2313
19260 2312
19276 2301
19293 2297
19309 2271
19325 2252
19341 2239
19358 2240
19374 2230
19390 2223
19407 2239
19423 2227
19439 2207
19456 2197
19472 2169
19488 2156
19505 2146
19521 2128
19537 2116
19554 2099
19570 2079
19586 2067
19603 2045
19619 2028
19635 2014
19652 2000
19668 1978
19684 1939
19701 1916
19717 1903
19733 1883
19750 1870
19766 1864
19782 1857
19798 1837
19815 1811
19831 1782
19847 1759
19864 1738
19880 1720
19896 1698
19913 1678
19929 1655
19945 1628
19962 1606
19978 1580
19995 1565
20012 1544
20028 1486
20045 1468
20061 1456
20078 1434
20094 1427
20110 1412
20127 1387
20143 1365
20159 1340
20176 1302
20192 1283
20208 1262
20225 1239
20241 1211
20257 1188
20274 1157
20290 1138
20306 1105
20323 1087
20339 1068
20355 1044
20371 1015
20388 971
20404 951
20420 931
20437 913
20453 893
20469 894
20486 876
20502 850
20518 826
20535 795
20551 769
20567 752
20584 728
20600 709
20616 688
20633 666
20649 645
20665 621
20682 602
20698 580
20714 567
20731 546
20747 504
20763 481
20780 466
20796 451
20812 436
20828 423
20845 430
20861 409
20877 395
20894 370
20910 350
20926 335
20943 323
20959 302
20975 295
20993 277
21009 248
21026 246
21042 238
21058 239
21075 211
21091 173
21107 165
21124 163
21140 155
21156 149
21173 164
21189 158
21205 146
21222 130
21238 116
21254 106
21271 112
21287 101
21303 93
21320 92
21336 81
21352 79
21369 69
21385 66
21401 63
21418 65
21434 61
21450 41
21466 27
21483 32
21499 44
21515 49
21532 54
21548 82
21564 77
21581 90
21597 89
21613 102
21630 94
21646 105
21662 110
21679 117
21695 125
21711 132
21728 135
21744 144
21760 152
21777 165
21793 187
21809 186
21826 172
21842 186
21858 199
21875 214
21891 231
21907 263
21923 284
21940 306
21956 306
21972 317
21990 333
22006 346
22023 364
22039 379
22056 395
22072 405
22088 423
22104 445
22121 465
22137 482
22153 485
22170 496
22186 519
22202 536
22219 565
22235 588
22251 638
22268 653
22284 670
22300 662
22317 703
22333 723
22349 746
22366 770
22382 793
22398 810
22415 836
22431 854
22447 878
22464 897
22480 924
22496 945
22513 971
22529 969
22545 994
22561 1017
22578 1045
22594 1070
22610 1113
22627 1146
22643 1168
22659 1191
22676 1210
22692 1229
22708 1258
22725 1280
22741 1305
22757 1330
22774 1350
22790 1374
22806 1402
22823 1412
22839 1442
22855 1471
22872 1490
22888 1499
22904 1515
22921 1529
22937 1565
22953 1584
22970 1614
22987 1659
23003 1672
23020 1689
23036 1711
23053 1737
23069 1760
23085 1783
23102 1786
23118 1819
23134 1838
23151 1858
23167 1879
23183 1908
23199 1923
23216 1941
23232 1937
23248 1949
23265 1973
23281 1997
23297 2016
23314 2050
23330 2082
23346 2093
23363 2100
23379 2113
23395 2122
23412 2131
23428 2154
23444 2167
23461 2177
23477 2195
23493 2207
23510 2227
23526 2231
23542 2243
23559 2259
23575 2270
23591 2266
23608 2263
23624 2272
23640 2285
23656 2297
23673 2309
23689 2339
23705 2351
23722 2370
23738 2349
23754 2352
23771 2358
23787 2354
23803 2366
23820 2370
23836 2375
23852 2376
23869 2382
23885 2380
23901 2386
23918 2388
23934 2394
23950 2390
23967 2367
23984 2368
24000 2369
24017 2377
24033 2389
24050 2385
24066 2373
24082 2367
24099 2355
24115 2354
24131 2345
24148 2337
24164 2330
24180 2324
24196 2314
24213 2308
24229 2299
24245 2273
24262 2283
24278 2275
24294 2265
24311 2226
24327 2217
24343 2211
24360 2200
24376 2196
24392 2201
24409 2195
24425 2175
24441 2158
24458 2140
24474 2128
24490 2105
24507 2093
24523 2074
24539 2053
24556 2039
24572 2023
24588 2007
24605 1986
24621 1963
24637 1928
24653 1930
24670 1892
24686 1867
24702 1850
24719 1832
24735 1819
24751 1799
24768 1810
24784 1785
24800 1758
24817 1734
24833 1708
24849 1685
24866 1662
24882 1635
24898 1614
24915 1593
24931 1572
24947 1549
24964 1533
24980 1503
24997 1479
25014 1433
25030 1408
25047 1390
25063 1371
25079 1354
25096 1347
25112 1330
25128 1298
25145 1272
25161 1245
25177 1219
25194 1185
25210 1169
25226 1135
25243 1120
25259 1094
25275 1093
25291 1049
25308 1027
25324 998
25340 973
25357 955
25373 915
25389 886
25406 865
25422 818
25438 834
25455 808
25471 812
25487 790
25504 767
25520 740
25536 717
25553 671
25569 647
25585 631
25602 614
25618 595
25634 581
25651 562
25667 565
25683 544
25700 522
25716 494
25732 475
25748 437
25765 417
25781 401
25797 387
25814 371
25830 379
25846 370
25863 348
25879 333
25895 316
25912 279
25928 259
25944 248
25961 241
25977 225
25994 231
26011 232
26027 218
26043 206
26060 192
26076 176
26092 147
26109 131
26125 122
26141 121
26158 116
26174 127
26190 130
26207 119
26223 112
26239 99
26256 79
26272 70
26288 71
26305 64
26321 60
26337 59
26354 46
26370 63
26386 75
26402 64
26419 64
26435 65
26451 46
26468 44
26484 62
26500 54
26517 66
26533 68
26549 100
26566 107
26582 112
26598 116
26615 118
26631 106
26647 111
26664 123
26680 132
26696 140
26713 149
26729 156
26745 194
26762 206
26778 212
26794 215
26811 235
26827 221
26843 231
26859 249
26876 264
26892 278
26908 311
26925 338
26941 353
26957 361
26974 378
26991 374
27008 386
27024 408
27040 426
27057 451
27073 485
27089 511
27106 516
27122 538
27138 557
27155 560
27171 557
27187 585
27204 614
27220 657
27236 658
27253 704
27269 729
27285 736
27302 764
27318 782
27334 783
27351 805
27367 828
27383 859
27400 892
27416 907
27432 929
27449 955
27465 970
27481 996
27497 1020
27514 1045
27530 1075
27546 1096
27563 1116
27579 1144
27595 1163
27612 1188
27628 1212
27644 1242
27661 1257
27677 1287
27693 1310
27710 1336
27726 1359
27742 1384
27759 1405
27775 1431
27791 1451
27808 1470
27824 1495
27840 1513
27857 1541
27873 1561
27889 1586
27906 1612
27922 1632
27938 1655
27954 1677
27971 1696
27988 1720
28005 1741
28021 1766
28038 1778
28054 1805
28070 1824
28087 1845
28103 1863
28119 1886
28135 1905
28152 1924
28168 1942
28184 1961
28201 1978
28217 2006
28233 2015
28250 2035
28266 2047
28282 2063
28299 2080
28315 2097
28331 2118
28348 2140
28364 2141
28380 2152
28397 2165
28413 2184
28429 2194
28446 2211
28462 2222
28478 2233
28495 2249
28511 2264
28527 2271
28544 2281
28560 2291
28576 2299
28592 2294
28609 2297
28625 2301
28641 2318
28658 2322
28674 2335
28690 2361
28707 2372
28723 2369
28739 2373
28756 2374
28772 2376
28788 2374
28805 2380
28821 2391
28837 2385
28854 2387
28870 2391
28886 2391
28903 2389
28919 2382
28935 2382
28952 2381
28968 2355
28985 2350
29002 2352
29018 2362
29035 2374
29051 2367
29067 2357
29084 2348
29100 2335
29116 2328
29133 2320
29149 2311
29165 2301
29182 2293
29198 2281
29214 2276
29230 2263
29247 2250
29263 2238
29279 2234
29296 2214
29312 2181
29328 2173
29345 2164
29361 2151
29377 2144
29394 2149
29410 2137
29426 2116
29443 2099
29459 2081
29475 2065
29492 2042
29508 2030
29524 2011
29541 1990
29557 1969
29573 1954
29590 1931
29606 1916
29622 1890
29639 1876
29655 1855
29671 1819
29687 1791
29704 1776
29720 1757
29736 1744
29753 1723
29769 1719
29785 1696
29802 1676
29818 1646
29834 1628
29851 1601
29867 1580
29883 1553
29900 1531
29916 1508
29932 1484
29949 1465
29965 1447
29981 1417
29999 1399
30015 1354
30031 1318
30048 1303
30064 1286
30080 1262
30097 1241
30113 1237
30129 1218
30146 1186
30162 1160
30178 1132
30195 1105
30211 1085
30227 1062
30244 1034
30260 1010
30276 987
30293 968
30309 945
30325 921
30341 899
30358 877
30374 849
30390 813
30407 790
30423 774
30439 748
30456 731
30472 730
30488 721
30505 691
30521 668
30537 642
30554 622
30570 602
30586 584
30603 560
30619 543
30635 520
30652 503
30668 480
30684 463
30701 441
30717 418
30733 420
30750 380
30766 354
30782 342
30798 327
30815 318
30831 303
30847 317
30864 300
30880 288
30896 266
30913 254
30929 243
30945 227
30962 214
30978 203
30995 183
31012 182
31028 167
31045 146
31061 139
31078 122
31094 113
31110 112
31127 97
31143 91
31159 85
31176 108
31192 109
31208 90
31225 88
31241 83
31257 75
31274 59
31290 69
31306 62
31323 63
31339 56
31355 55
31371 55
31388 63
31404 61
31420 72
31437 72
31453 65
31469 56
31486 67
31502 76
31518 85
31535 116
31551 127
31567 118
31584 128
31600 134
31616 130
31633 152
31649 162
31665 153
31682 180
31698 186
31714 204
31731 209
31747 221
31763 233
31780 249
31796 262
31812 268
31828 262
31845 282
31861 300
31877 319
31894 333
31910 373
31926 396
31943 404
31959 417
31975 431
31993 447
32009 461
32026 485
32042 502
32058 523
32075 545
32091 563
32107 586
32124 608
32140 621
32156 622
32173 639
32189 662
32205 688
32222 715
32238 746
32254 787
32271 803
32287 823
32303 834
32320 857
32336 878
32352 966
32369 923
32385 952
32401 970
32418 995
32434 1015
32450 1034
32466 1059
32483 1106
32499 1113
32515 1127
32532 1132
32548 1165
32564 1190
32581 1218
32597 1244
32613 1293
32630 1316
32646 1344
32662 1359
32679 1379
32695 1402
32711 1420
32728 1447
32744 1446
32760 1489
32777 1515
32793 1534
32809 1559
32826 1580
32842 1606
32858 1628
32875 1652
32891 1650
32907 1671
32923 1691
32940 1722
32956 1744
32972 1774
32990 1816
33006 1828
33023 1828
33039 1861
33056 1884
33072 1902
33088 1925
33104 1939
33121 1926
33137 1978
33153 1996
33170 2030
33186 2032
33202 2051
33219 2071
33235 2058
33251 2081
33268 2099
33284 2118
33300 2133
33317 2183
33333 2188
33349 2200
33366 2208
33382 2216
33398 2221
33415 2235
33431 2243
33447 2255
33464 2268
33480 2278
33496 2284
33513 2298
33529 2305
33545 2320
33561 2326
33578 2334
33594 2318
33610 2325
33627 2325
33643 2341
33659 2346
33676 2354
33692 2388
33708 2389
33725 2386
33741 2384
33757 2380
33774 2388
33790 2392
33806 2396
33823 2391
33839 2387
33855 2405
33872 2384
33888 2373
33904 2377
33921 2373
33937 2377
33953 2365
33970 2336
33987 2337
34003 2340
34020 2357
34036 2345
34053 2342
34069 2331
34085 2321
34102 2303
34118 2310
34134 2295
34151 2284
34167 2271
34183 2262
34199 2249
34216 2236
34232 2223
34248 2210
34265 2205
34281 2193
34297 2153
34314 2137
34330 2125
34346 2115
34363 2102
34379 2091
34395 2098
34412 2083
34428 2064
34444 2043
34461 2016
34477 2007
34493 1985
34510 1966
34526 1950
34542 1927
34559 1906
34575 1891
34591 1854
34608 1844
34624 1827
34640 1813
34656 1786
34673 1742
34689 1715
34705 1705
34722 1684
34738 1667
34754 1664
34771 1653
34787 1625
34803 1598
34820 1575
34836 1544
34852 1525
34869 1503
34885 1476
34901 1456
34918 1433
34934 1410
34950 1387
34967 1355
34984 1335
35000 1310
35017 1260
35033 1239
35050 1219
35066 1198
35082 1177
35099 1180
35115 1154
35131 1127
35148 1099
35164 1064
35180 1045
35196 1025
35213 994
35229 979
35245 954
35262 929
35278 910
35294 880
35311 860
35327 855
35343 821
35360 797
35376 760
35392 727
35409 711
35425 693
35441 675
35458 662
35474 663
35490 638
35507 610
35523 586
35539 564
35556 547
35572 532
35588 512
35605 491
35621 473
35637 454
35653 433
35670 412
35686 398
35702 387
35719 371
35735 343
35751 316
35768 287
35784 288
35800 279
35817 267
35833 282
35849 264
35866 255
35882 237
35898 217
35915 204
35931 198
35947 182
35964 179
35980 161
35997 149
36014 139
36030 135
36047 129
36063 119
36079 92
36096 81
36112 80
36128 76
36145 58
36161 100
36177 94
36194 86
36210 81
36226 69
36243 59
36259 71
36275 60
36291 60
36308 62
36324 60
36340 66
36357 67
36373 66
36389 68
36406 81
36422 84
36438 75
36455 68
36471 59
36487 89
36504 102
36520 107
36536 143
36553 152
36569 130
36585 163
36602 165
36618 172
36634 191
36651 197
36667 211
36683 216
36700 216
36716 242
36732 252
36748 263
36765 282
36781 295
36797 314
36814 306
36830 315
36846 336
36863 352
36879 377
36895 395
36912 430
36928 454
36944 464
36961 482
36977 488
36994 525
37011 536
37027 559
37043 575
37060 591
37076 608
37092 631
37109 653
37125 677
37141 696
37158 698
37174 714
37190 743
37207 766
37223 808
37239 830
37256 860
37272 884
37288 907
37305 922
37321 938
37337 967
37354 989
37370 1009
37386 1038
37402 1061
37419 1079
37435 1103
37451 1121
37468 1148
37484 1176
37500 1195
37517 1227
37533 1222
37549 1250
37566 1277
37582 1305
37598 1330
37615 1379
37631 1406
37647 1426
37664 1446
37680 1464
37696 1479
37713 1510
37729 1533
37745 1555
37762 1575
37778 1597
37794 1621
37811 1639
37827 1657
37843 1680
37859 1711
37876 1734
37892 1730
37908 1751
37925 1761
37941 1797
37957 1820
37974 1842
37991 1889
38008 1906
38024 1915
38040 1938
38057 1961
38073 1977
38089 1996
38106 2014
38122 2029
38138 2045
38155 2059
38171 2074
38187 2098
38204 2109
38220 2126
38236 2117
38253 2135
38269 2150
38285 2169
38302 2188
38318 2220
38334 2233
38351 2246
38367 2251
38383 2256
38400 2265
38416 2280
38432 2289
38449 2299
38465 2303
38481 2316
38497 2322
38514 2327
38530 2332
38546 2341
38563 2348
38579 2356
38595 2339
38612 2350
38628 2348
38644 2358
38661 2362
38677 2367
38693 2395
38710 2395
38726 2400
38742 2397
38759 2396
38775 2398
38791 2389
38808 2393
38824 2383
38840 2386
38857 2374
38873 2389
38889 2362
38906 2360
38922 2361
38938 2357
38954 2346
38971 2323
38988 2319
39005 2315
39021 2328
39038 2325
39054 2318
39070 2301
39087 2287
39103 2272
39119 2267
39135 2254
39152 2245
39168 2234
39184 2220
39201 2207
39217 2194
39233 2177
39250 2165
39266 2152
39282 2139
39299 2101
39315 2084
39331 2071
39348 2060
39364 2053
39380 2033
39397 2041
39413 2027
39429 1998
39446 1980
39462 1953
39478 1934
39495 1931
39511 1898
39527 1872
39544 1858
39560 1834
39576 1817
39592 1788
39609 1772
39625 1754
39641 1735
39658 1718
39674 1663
39690 1641
39707 1623
39723 1604
39739 1587
39756 1581
39772 1568
39788 1530
39805 1520
39821 1488
39837 1464
39854 1424
39870 1415
39886 1387
39903 1370
39919 1343
39935 1324
39952 1289
39968 1275
39985 1250
40002 1224
40018 1173
40035 1151
40051 1132
40067 1112
40084 1092
40100 1091
40116 1069
40133 1039
40149 1014
40165 980
40182 960
40198 935
40214 914
40230 889
40247 868
40263 844
40279 819
40296 800
40312 787
40328 764
40345 742
40361 721
40377 679
40394 651
40410 636
40426 620
40443 601
40459 600
40475 589
40492 566
40508 545
40524 514
40541 496
40557 464
40573 457
40590 438
40606 427
40622 405
40639 404
40655 372
40671 358
40687 344
40704 331
40720 312
40736 289
40753 259
40769 227
40785 237
40802 229
40818 217
40834 236
40851 224
40867 208
40883 191
40900 156
40916 164
40932 160
40949 147
40965 139
40981 126
40999 119
41015 107
41031 104
41048 97
41064 98
41080 73
41097 53
41113 60
41129 58
41146 30
41162 58
41178 78
41195 77
41211 67
41227 62
41244 61
41260 64
41276 61
41293 65
41309 71
41325 73
41341 77
41358 84
41374 84
41390 95
41407 95
41423 103
41439 112
41456 90
41472 100
41488 112
41505 123
41521 137
41537 164
41554 186
41570 191
41586 195
41603 205
41619 215
41635 219
41652 241
41668 248
41684 259
41701 268
41717 294
41733 307
41750 320
41766 335
41782 349
41798 361
41815 376
41831 374
41847 382
41864 410
41880 433
41896 453
41913 492
41929 510
41945 527
41962 548
41978 563
41995 590
42012 612
42028 612
42045 646
42061 677
42078 687
42094 707
42110 731
42127 754
42143 767
42159 775
42176 799
42192 826
42208 846
42225 874
42241 916
42257 942
42274 953
42290 983
42306 1001
42323 1018
42339 1027
42355 1052
42371 1078
42388 1104
42404 1132
42420 1154
42437 1204
42453 1228
42469 1246
42486 1275
42502 1292
42518 1295
42535 1316
42551 1351
42567 1366
42584 1397
42600 1421
42616 1471
42633 1493
42649 1509
42665 1529
42682 1551
42698 1546
42714 1570
42731 1592
42747 1620
42763 1649
42780 1668
42796 1697
42812 1735
42828 1738
42845 1769
42861 1788
42877 1813
42894 1804
42910 1829
42926 1850
42943 1873
42959 1896
42975 1936
42993 1952
43009 1965
43026 1969
43042 1989
43058 2016
43075 2026
43091 2040
43107 2063
43124 2080
43140 2116
43156 2137
43173 2139
43189 2157
43205 2165
43222 2159
43238 2166
43254 2180
43271 2197
43287 2215
43303 2228
43320 2265
43336 2270
43352 2287
43369 2286
43385 2294
43401 2281
43418 2294
43434 2304
43450 2312
43466 2322
43483 2332
43499 2347
43515 2364
43532 2369
43548 2368
43564 2368
43581 2372
43597 2352
43613 2354
43630 2362
43646 2368
43662 2375
43679 2400
43695 2407
43711 2403
43728 2390
43744 2395
43760 2377
43777 2363
43793 2354
43809 2358
43826 2356
43842 2354
43858 2347
43875 2368
43891 2365
43907 2353
43923 2346
43940 2335
43956 2310
43972 2298
43990 2294
44006 2284
44023 2301
44039 2291
44056 2274
44072 2251
44088 2240
44104 2225
44121 2212
44137 2200
44153 2191
44170 2175
44186 2167
44202 2150
44219 2138
44235 2112
44251 2106
44268 2090
44284 2077
44300 2048
44317 2042
44333 2021
44349 2001
44366 1990
44382 1971
44398 1952
44415 1936
44431 1912
44447 1894
44464 1878
44480 1857
44496 1833
44513 1817
44529 1794
44545 1779
44561 1754
44578 1732
44594 1710
44610 1690
44627 1663
44643 1643
44659 1622
44676 1600
44692 1571
44708 1555
44725 1528
44741 1509
44757 1486
44774 1479
44790 1440
44806 1415
44823 1394
44839 1373
44855 1345
44872 1322
44888 1304
44904 1276
44921 1248
44937 1226
44953 1202
44970 1175
44987 1153
45003 1143
45020 1106
45036 1076
45053 1058
45069 1031
45085 1013
45102 987
45118 967
45134 940
45151 932
45167 900
45183 881
45199 854
45216 835
45232 815
45248 791
45265 767
45281 747
45297 723
45314 703
45330 680
45346 660
45363 627
45379 599
45395 570
45412 565
45428 551
45444 533
45461 536
45477 519
45493 495
45510 475
45526 454
45542 433
45559 408
45575 402
45591 378
45608 366
45624 349
45640 331
45656 313
45673 306
45689 286
45705 273
45722 257
45738 225
45754 212
45771 185
45787 195
45803 190
45820 194
45836 194
45852 172
45869 165
45885 154
45901 149
45918 139
45934 128
45950 120
45967 116
45984 108
46000 94
46017 92
46033 86
46050 84
46066 68
46082 55
46099 50
46115 50
46131 47
46148 47
46164 70
46180 71
46196 49
46213 69
46229 70
46245 80
46262 73
46278 80
46294 84
46311 83
46327 82
46343 98
46360 104
46376 110
46392 115
46409 123
46425 130
46441 120
46458 121
46474 138
46490 149
46507 163
46523 171
46539 211
46556 218
46572 229
46588 242
46605 248
46621 261
46637 272
46653 283
46670 302
46686 311
46702 330
46719 344
46735 358
46751 375
46768 390
46784 406
46800 421
46817 419
46833 442
46849 461
46866 487
46882 498
46898 533
46915 566
46931 586
46947 599
46964 623
46980 643
46997 656
47014 679
47030 702
47047 724
47063 745
47079 764
47096 785
47112 812
47128 832
47145 844
47161 855
47177 877
47194 904
47210 931
47226 952
47243 1007
47259 1024
47275 1046
47291 1073
47308 1094
47324 1112
47340 1140
47357 1156
47373 1183
47389 1206
47406 1225
47422 1253
47438 1277
47455 1296
47471 1332
47487 1356
47504 1365
47520 1375
47536 1403
47553 1426
47569 1454
47585 1481
47602 1522
47618 1539
47634 1572
47651 1580
47667 1607
47683 1632
47700 1653
47716 1674
47732 1687
47748 1714
47765 1741
47781 1756
47797 1779
47814 1805
47830 1821
47846 1831
47863 1860
47879 1866
47895 1876
47912 1896
47928 1923
47944 1941
47961 1965
47977 2012
47994 2016
48011 2035
48027 2056
48043 2068
48060 2083
48076 2095
48092 2115
48109 2124
48125 2142
48141 2154
48158 2172
48174 2186
48190 2196
48207 2214
48223 2209
48239 2210
48256 2224
48272 2239
48288 2253
48305 2263
48321 2303
48337 2304
48354 2308
48370 2321
48386 2329
48402 2330
48419 2343
48435 2346
48451 2349
48468 2346
48484 2354
48500 2366
48517 2369
48533 2373
48549 2384
48566 2381
48582 2385
48598 2377
48615 2367
48631 2368
48647 2377
48664 2376
48680 2392
48696 2399
48713 2396
48729 2388
48745 2370
48762 2369
48778 2369
48794 2362
48811 2359
48827 2346
48843 2344
48859 2338
48876 2331
48892 2320
48908 2315
48925 2259
48941 2303
48957 2281
48974 2261
48991 2254
49008 2247
49024 2264
49040 2252
49057 2238
49073 2214
49089 2198
49106 2187
49122 2174
49138 2166
49155 2152
49171 2130
49187 2119
49204 2103
49220 2089
49236 2070
49253 2056
49269 2035
49285 2023
49302 1955
49318 1960
49334 1946
49351 1928
49367 1915
49383 1911
49400 1907
49416 1885
49432 1862
49449 1835
49465 1812
49481 1789
49497 1764
49514 1746
49530 1726
49546 1701
49563 1676
49579 1659
49595 1634
49612 1606
49628 1591
49644 1572
49661 1534
49677 1500
49693 1481
49710 1460
49726 1439
49742 1417
49759 1422
49775 1404
49791 1375
49808 1350
49824 1317
49840 1292
49857 1262
49873 1240
49889 1216
49906 1194
49922 1166
49938 1145
49954 1120
49971 1097
49988 1078
50005 1027
50021 1003
50038 981
50054 964
50070 941
50087 936
50103 926
50119 909
50135 871
50152 849
50168 816
50184 797
50201 775
50217 754
50233 730
50250 713
50266 688
50282 666
50299 657
50315 626
50331 606
50348 594
50364 562
50380 526
50397 510
50413 496
50429 477
50446 465
50462 469
50478 456
50495 432
50511 411
50527 388
50544 371
50560 366
50576 344
50592 325
50609 309
50625 293
50641 280
50658 259
50674 247
50690 239
50707 230
50723 217
50739 191
50756 168
50772 166
50788 153
50805 149
50821 151
50837 164
50854 149
50870 138
50886 126
50903 114
50919 112
50935 107
50952 98
50968 92
50985 85
51002 110
51018 74
51035 73
51051 70
51067 52
51084 19
51100 35
51116 34
51133 40
51149 47
51165 75
51182 83
51198 85
51214 82
51230 81
51247 83
51263 94
51279 100
51296 101
51312 111
51328 112
51345 119
51361 126
51377 128
51394 144
51410 157
51426 166
51443 155
51459 159
51475 172
51492 187
51508 203
51524 219
51541 249
51557 265
51573 273
51590 284
51606 295
51622 310
51639 326
51655 343
51671 355
51687 367
51704 387
51720 400
51736 412
51753 431
51769 455
51785 474
51802 495
51818 484
51834 506
51851 542
51867 550
51883 575
51900 617
51916 642
51932 663
51949 676
51965 689
51981 716
51999 741
52015 760
52031 780
52048 808
52064 824
52080 838
52097 865
52113 891
52129 913
52146 935
52162 931
52178 957
52195 984
52211 1007
52227 1038
52244 1084
52260 1113
52276 1133
52293 1155
52309 1170
52325 1194
52341 1221
52358 1245
52374 1266
52390 1294
52407 1320
52423 1337
52439 1358
52456 1374
52472 1404
52488 1438
52505 1456
52521 1463
52537 1477
52554 1500
52570 1529
52586 1557
52603 1582
52619 1633
52635 1650
52652 1667
52668 1686
52684 1697
52701 1726
52717 1753
52733 1770
52750 1791
52766 1807
52782 1836
52798 1849
52815 1863
52831 1885
52847 1910
52864 1929
52880 1954
52896 1940
52913 1963
52929 1982
52945 2003
52962 2026
52978 2061
52995 2084
53012 2100
53028 2104
53045 2123
53061 2140
53078 2153
53094 2166
53110 2181
53127 2196
53143 2197
53159 2214
53176 2229
53192 2245
53208 2251
53225 2246
53241 2251
53257 2264
53274 2283
53290 2291
53306 2312
53323 2336
53339 2334
53355 2343
53371 2344
53388 2344
53404 2332
53420 2361
53437 2362
53453 2370
53469 2369
53486 2374
53502 2375
53518 2379
53535 2376
53551 2389
53567 2387
53584 2388
53600 2367
53616 2367
53633 2364
53649 2366
53665 2386
53682 2385
53698 2382
53714 2380
53731 2367
53747 2358
53763 2351
53780 2352
53796 2344
53812 2339
53828 2329
53845 2323
53861 2312
53877 2299
53894 2288
53910 2287
53926 2277
53943 2266
53959 2231
53975 2220
53993 2218
54009 2207
54026 2225
54042 2208
54058 2192
54075 2171
54091 2153
54107 2141
54124 2128
54140 2111
54156 2096
54173 2077
54189 2062
54205 2045
54222 1994
54238 2005
54254 1996
54271 1970
54287 1947
54303 1909
54320 1894
54336 1877
54352 1864
54369 1844
54385 1846
54401 1832
54418 1810
54434 1785
54450 1757
54466 1735
54483 1713
54499 1694
54515 1671
54532 1646
54548 1628
54564 1600
54581 1575
54597 1555
54613 1536
54630 1519
54646 1493
54662 1445
54679 1429
54695 1401
54711 1381
54728 1363
54744 1351
54760 1340
54777 1317
54793 1287
54809 1259
54826 1227
54842 1207
54858 1183
54875 1161
54891 1135
54907 1111
54923 1085
54940 1062
54956 1030
54972 1010
54990 993
55006 943
55023 923
55039 901
55056 884
55072 865
55088 868
55104 846
55121 826
55137 795
55153 769
55170 742
55186 719
55202 701
55219 683
55235 656
55251 637
55268 621
55284 591
55300 572
55317 557
55333 539
55349 524
55366 478
55382 457
55398 442
55415 428
55431 408
55447 402
55464 408
55480 392
55496 371
55513 350
55529 329
55545 315
55561 314
55578 292
55594 277
55610 264
55627 253
55643 237
55659 217
55676 209
55692 202
55708 191
55725 179
55741 149
55757 137
55774 130
55790 126
55806 121
55823 134
55839 135
55855 121
55872 186
55888 99
55904 93
55921 90
55937 89
55953 80
55970 78
55987 69
56003 64
56020 59
56036 61
56053 57
56069 31
56085 34
56102 37
56118 46
56134 57
56151 61
56167 92
56183 98
56199 96
56216 99
56232 95
56248 105
56265 113
56281 124
56297 128
56314 135
56330 141
56346 152
56363 151
56379 165
56395 181
56412 190
56428 203
56444 190
56461 199
56477 215
56493 229
56510 251
56526 285
56542 302
56559 313
56575 328
56591 337
56608 351
56624 361
56640 374
56656 396
56673 410
56689 423
56705 446
56722 463
56738 484
56754 501
56771 532
56787 541
56803 544
56820 554
56836 577
56852 603
56869 631
56885 652
56901 699
56918 717
56934 736
56950 761
56967 768
56984 785
57000 815
57017 833
57033 854
57050 881
57066 905
57082 929
57099 956
57115 977
57131 997
57148 1004
57164 1017
57180 1048
57196 1075
57213 1099
57229 1144
57245 1178
57262 1195
57278 1222
57294 1235
57311 1259
57327 1272
57343 1307
57360 1325
57376 1357
57392 1378
57409 1406
57425 1428
57441 1450
57458 1471
57474 1506
57490 1522
57507 1535
57523 1539
57539 1563
57556 1586
57572 1614
57588 1639
57605 1687
57621 1710
57637 1730
57653 1746
57670 1767
57686 1783
57702 1808
57719 1824
57735 1845
57751 1866
57768 1884
57784 1904
57800 1926
57817 1941
57833 1958
57849 1982
57866 1997
57882 1991
57898 2009
57915 2029
57931 2046
57947 2068
57964 2110
57980 2126
57997 2136
58014 2154
58030 2159
58047 2175
58063 2188
58079 2198
58096 2213
58112 2224
58128 2237
58145 2271
58161 2257
58177 2270
58194 2281
58210 2278
58226 2272
58243 2287
58259 2296
58275 2317
58291 2318
58308 2349
58324 2358
58340 2363
58357 2365
58373 2365
58389 2369
58406 2375
58422 2374
58438 2381
58455 2380
58471 2384
58487 2384
58504 2389
58520 2391
58536 2392
58553 2393
58569 2388
58585 2362
58602 2359
58618 2356
58634 2358
58651 2355
58667 2364
58683 2373
58700 2364
58716 2358
58732 2353
58748 2341
58765 2336
58781 2325
58797 2318
58814 2308
58830 2293
58846 2282
58863 2282
58879 2287
58895 2271
58912 2256
58928 2242
58944 2228
58961 2193
58977 2193
58994 2174
59011 2176
59027 2180
59043 2152
59060 2140
59076 2122
59092 2104
59109 2066
59125 2064
59141 2031
59158 2018
59174 2002
59190 1989
59207 1991
59223 1976
59239 1955
59256 1936
59272 1913
59288 1898
59305 1841
59321 1826
59337 1800
59354 1792
59370 1772
59386 1772
59402 1754
59419 1737
59435 1708
59451 1683
59468 1642
59484 1616
59500 1594
59517 1576
59533 1555
59549 1533
59566 1507
59582 1513
59598 1489
59615 1467
59631 1437
59647 1414
59664 1363
59680 1338
59696 1313
59713 1294
59729 1270
59745 1249
59762 1253
59778 1230
59794 1177
59811 1175
59827 1146
59843 1106
59859 1074
59876 1054
59892 1039
59908 1014
59925 991
59941 972
59957 968
59974 946
59991 915
60008 866
60024 843
60040 822
60057 804
60073 782
60089 787
60106 765
60122 744
60138 716
60155 696
60171 652
60187 633
60204 607
60220 592
60236 573
60253 558
60269 533
60285 544
60302 518
60318 498
60334 479
60351 458
60367 417
60383 398
60400 378
60416 369
60432 354
60449 338
60465 350
60481 338
60497 313
60514 302
60530 282
60546 247
60563 245
60579 225
60595 211
60612 195
60628 193
60644 191
60661 198
60677 187
60693 170
60710 160
60726 151
60742 129
60759 124
60775 115
60791 101
60808 99
60824 91
60840 88
60857 81
60873 78
60889 74
60906 72
60922 65
60938 61
60954 57
60971 54
60988 53
61005 48
61021 53
61038 53
61054 60
61070 61
61087 67
61103 68
61119 71
61135 75
61152 88
61168 90
61184 95
61201 104
61217 111
61233 114
61250 123
61266 138
61282 139
61299 149
61315 159
61331 161
61348 178
61364 189
61380 206
61397 209
61413 224
61429 234
61446 251
61462 261
61478 258
61495 288
61511 305
61527 318
61544 346
61560 351
61576 364
61592 379
61609 402
61625 414
61641 431
61658 455
61674 477
61690 484
61707 508
61723 529
61739 544
61756 564
61772 586
61788 601
61805 626
61821 628
61837 649
61854 677
61870 703
61886 726
61903 773
61919 794
61935 815
61952 830
61968 855
61985 875
62002 896
62018 918
62035 936
62051 961
62067 988
62084 1011
62100 1033
62116 1061
62133 1080
62149 1085
62165 1104
62182 1131
62198 1158
62214 1191
62230 1230
62247 1267
62263 1287
62279 1304
62296 1322
62312 1347
62328 1367
62345 1395
62361 1414
62377 1443
62394 1463
62410 1488
62426 1508
62443 1535
62459 1551
62475 1576
62492 1594
62508 1610
62524 1618
62541 1644
62557 1672
62573 1696
62590 1719
62606 1765
62622 1781
62639 1797
62655 1815
62671 1840
62687 1859
62704 1876
62720 1895
62736 1918
62753 1931
62769 1963
62785 1969
62802 1987
62818 2003
62834 2026
62851 2036
62867 2060
62883 2054
62900 2073
62916 2084
62932 2107
62949 2130
62965 2157
62981 2177
62999 2193
63015 2197
63031 2205
63048 2214
63064 2232
63080 2244
63097 2258
63113 2264
63129 2276
63146 2280
63162 2293
63178 2302
63195 2310
63211 2308
63227 2310
63244 2310
63260 2323
63276 2329
63293 2341
63309 2360
63325 2371
63341 2381
63358 2382
63374 2383
63390 2384
63407 2380
63423 2384
63439 2388
63456 2389
63472 2386
63488 2392
63505 2329
63521 2388
63537 2382
63554 2372
63570 2375
63586 2336
63603 2344
63619 2344
63635 2344
63652 2334
63668 2335
63684 2350
63701 2342
63717 2338
63733 2324
63750 2316
63766 2307
63782 2296
63798 2285
63815 2281
63831 2264
63847 2252
63864 2244
63880 2229
63896 2216
63913 2205
63929 2190
63945 2181
63962 2141
63978 2128
63995 2122
64012 2111
64028 2117
64045 2105
64061 2081
64078 2060
64094 2043
64110 2022
64127 2007
64143 1981
64159 1972
64176 1941
64192 1931
64208 1911
64225 1896
64241 1867
64257 1843
64274 1822
64290 1793
64306 1768
64323 1759
64339 1735
64355 1719
64371 1706
64388 1701
64404 1677
64420 1649
64437 1624
64453 1600
64469 1577
64486 1555
64502 1525
64518 1504
64535 1485
64551 1460
64567 1439
64584 1415
64600 1389
64616 1363
64633 1343
64649 1325
64665 1270
64682 1247
64698 1225
64714 1209
64731 1185
64747 1186
64763 1164
64780 1137
64796 1102
64812 1124
64828 1055
64845 1032
64861 1018
64877 990
64894 958
64910 931
64926 915
64943 902
64959 870
64975 849
64993 831
65009 779
65026 760
65042 742
65058 728
65075 706
65091 714
65107 687
65124 663
65140 634
65156 613
65173 587
65189 579
65205 549
65222 532
65238 514
65254 496
65271 469
65287 461
65303 441
65320 424
65336 409
65352 408
65369 349
65385 334
65401 319
65418 309
65434 298
65450 307
65466 296
65483 292
65499 256
65515 246
65532 232
65548 218
65564 210
65581 199
65597 188
65613 173
65630 168
65646 153
65662 145
65679 142
65695 135
65711 128
65728 97
65744 84
65760 80
65777 82
65793 78
65809 77
65826 92
65842 89
65858 82
65875 69
65891 67
65907 64
65923 59
65940 59
65956 56
65972 60
65990 62
66006 66
66023 69
66039 72
66056 82
66072 54
66088 68
66104 75
66121 86
66137 91
66153 115
66170 135
66186 139
66202 140
66219 152
66235 153
66251 162
66268 169
66284 178
66300 212
66317 204
66333 212
66349 228
66366 238
66382 250
66398 266
66415 282
66431 269
66447 285
66464 299
66480 315
66496 335
66513 353
66529 395
66545 414
66561 429
66578 441
66594 450
66610 469
66627 480
66643 506
66659 527
66676 543
66692 565
66708 581
66725 599
66741 628
66757 645
66774 668
66790 691
66806 686
66823 708
66839 734
66855 755
66872 786
66888 824
66904 855
66921 873
66937 894
66953 910
66970 924
