2 2534
55 2533
71 2550
88 2510
104 2511
121 2519
137 2520
153 2522
170 2547
186 2548
202 2545
218 2545
235 2538
251 2544
267 2536
284 2536
300 2532
316 2507
333 2528
349 2536
365 2535
382 2532
398 2533
414 2532
431 2528
447 2506
463 2508
480 0
496 0
512 0
529 0
545 0
561 0
578 0
594 0
610 0
627 0
643 0
659 0
675 0
692 0
708 0
724 0
741 0
757 0
773 0
790 0
806 0
822 0
839 0
855 0
871 0
888 0
904 0
920 0
937 0
953 0
969 0
987 0
1003 0
1020 0
1036 0
1052 0
1069 0
1085 0
1101 0
1118 0
1134 0
1150 0
1167 0
1183 0
1199 0
1216 0
1232 0
1248 0
1265 0
1281 0
1297 0
1313 0
1330 0
1346 0
1362 0
1379 0
1395 0
1411 0
1428 0
1444 0
1460 0
1477 2540
1493 2508
1509 2528
1526 2512
1542 2521
1558 2514
1575 2517
1591 2518
1607 2541
1624 2548
1640 2549
1656 2543
1673 2539
1689 2535
1705 2536
1722 2534
1738 2531
1754 2528
1770 2536
1787 2533
1803 2536
1819 2538
1836 2536
1852 2534
1868 2532
1885 2516
1901 2518
1917 2517
1934 2517
1950 2528
1966 2526
1984 2546
2000 2541
2016 2541
2033 2531
2049 2538
2065 2533
2082 2532
2098 2533
2114 2539
2131 2536
2147 2539
2163 2536
2180 2536
2196 2531
2212 2540
2229 2514
2245 2513
2261 2521
2278 2517
2294 2518
2310 2527
2327 2544
2343 2551
2359 2544
2376 2540
2392 2542
2408 2542
2425 2533
2441 2540
2457 2514
2473 2527
2490 2538
2506 2535
2522 2535
2539 2537
2555 2533
2571 2538
2588 2528
2604 2524
2620 2514
2637 2514
2653 2516
2669 2523
2686 2536
2702 2548
2718 2546
2735 2544
2751 2542
2767 2538
2784 2540
2800 2537
2816 2528
2833 2532
2849 2532
2865 2531
2882 2556
2898 2536
2914 2459
2930 2537
2947 2528
2963 2522
2979 2512
2996 2535
3012 2521
3029 2524
3045 2547
3062 2550
3078 2546
3094 2543
3111 2544
3127 2536
3143 2538
3160 2532
3176 2532
3192 2532
3209 2535
3225 2540
3241 2538
3258 2533
3274 2534
3290 2540
3306 2528
3323 2512
3339 2511
3355 2512
3372 2516
3388 2523
3404 2524
3421 2525
3437 2550
3453 2542
3470 2542
3486 2539
3502 2537
3519 2536
3535 2542
3551 2522
3568 2540
3584 2533
3600 2535
3617 2539
3633 2536
3649 2530
3666 2535
3682 2528
3698 2515
3715 2515
3731 2512
3747 2520
3763 2525
3780 2541
3796 2550
3812 2547
3829 2543
3845 2539
3861 2538
3878 2537
3894 2534
3910 2530
3927 2535
3943 2532
3959 2533
3976 2534
3993 2534
4010 2531
4026 2514
4042 2513
4059 2515
4075 2518
4091 2521
4108 2526
4124 2547
4140 2551
4157 2542
4173 2539
4189 2540
4206 2538
4222 2533
4238 2514
4255 2527
4271 2537
4287 2535
4304 2534
4320 2536
4336 2537
4353 2512
4369 2536
4385 2529
4401 2516
4418 2511
4434 2515
4450 2518
4467 2521
4483 2541
4499 2552
4516 2543
4532 2546
4548 2540
4565 2535
4581 2530
4597 2535
4614 2525
4630 2532
4646 2535
4663 2535
4679 2534
4695 2542
4712 2533
4728 2536
4744 2526
4761 2520
4777 2514
4793 2520
4810 2520
4826 2522
4842 2522
4858 2546
4875 2545
4891 2542
4907 2540
4924 2538
4940 2534
4956 2535
4973 2530
4990 2525
5007 2530
5023 2529
5039 2528
5056 2525
5072 2531
5088 2528
5105 2514
5121 2514
5137 2514
5154 2519
5170 2521
5186 2538
5203 2553
5219 2544
5235 2542
5252 2540
5268 2534
5284 2534
5301 2534
5317 2525
5333 2529
5350 2528
5366 2531
5382 2531
5399 2530
5415 2531
5431 2530
5448 2543
5464 2522
5480 2507
5496 2508
5513 0
5529 0
5545 0
5562 0
5578 0
5594 0
5611 0
5627 0
5643 0
5660 0
5676 0
5692 0
5709 0
5725 0
5741 0
5758 0
5774 0
5790 0
5807 0
5823 0
5839 0
5856 0
5872 0
5888 0
5905 0
5921 0
5937 0
5953 0
5970 0
5987 0
6004 0
6020 0
6037 0
6053 0
6069 0
6086 0
6102 0
6118 0
6134 0
6151 0
6167 0
6183 0
6200 0
6216 0
6232 0
6249 0
6265 0
6281 0
6298 0
6314 0
6330 0
6347 0
6363 0
6379 0
6396 0
6412 0
6428 0
6445 0
6461 0
6477 0
6494 0
6510 2547
6526 2532
6543 2513
6559 2514
6575 2518
6591 2518
6608 2518
6624 2535
6640 2549
6657 2550
6673 2537
6689 2543
6706 2536
6722 2512
6738 2514
6755 2517
6771 2518
6787 2530
6804 2521
6820 2542
6836 2546
6853 2543
6869 2540
6885 2539
6902 2524
6918 2511
6934 2510
6951 2516
6967 2528
6984 2549
7001 2546
7017 2539
7034 2538
7050 2518
7066 2522
7083 2524
7099 2522
7115 2523
7132 2527
7148 2521
7164 2543
7181 2547
7197 2541
7213 2538
7229 2540
7246 2511
7262 2516
7278 2511
7295 2519
7311 2519
7327 2533
7344 2557
7360 2546
7376 2540
7393 2540
7409 2537
7425 2520
7442 2513
7458 2518
7474 2517
7491 2522
7507 2520
7523 2534
7540 2541
7556 2548
7572 2541
7589 2541
7605 2532
7621 2513
7638 2513
7654 2520
7670 2518
7686 2522
7703 2543
7719 2547
7735 2546
7752 2543
7768 2539
7784 2527
7801 2518
7817 2520
7833 2521
7850 2537
7866 2526
7882 2524
7899 2545
7915 2550
7931 2538
7948 2539
7964 2537
7980 2514
7998 2516
8014 2517
8030 2521
8047 2541
8063 2546
8079 2544
8096 2540
8112 2540
8128 2520
8145 2515
8161 2517
8177 2519
8194 2524
8210 2529
8226 2526
8243 2530
8259 2526
8275 2525
8292 2527
8308 2527
8324 2523
8340 2532
8357 2526
8373 2526
8389 2528
8406 2527
8422 2528
8438 2527
8455 2522
8471 2524
8487 2528
8504 2527
8520 2529
8536 2529
8553 2527
8569 2526
8585 2524
8602 2529
8618 2523
8634 2531
8651 2537
8667 2529
8683 2527
8700 2530
8716 2526
8732 2531
8749 2525
8765 2527
8781 2525
8797 2526
8814 2526
8830 2528
8846 2528
8863 2525
8879 2528
8895 2527
8912 2525
8928 2527
8944 2528
8961 2528
8977 2529
8994 2530
9011 2526
9027 2529
9043 2530
9060 2523
9076 2524
9092 2524
9109 2511
9125 2532
9141 2537
9158 2532
9174 2523
9190 2526
9207 2525
9223 2520
9239 2530
9256 2526
9272 2527
9288 2538
9305 2532
9321 2534
9337 2534
9354 2532
9370 2539
9386 2535
9403 2511
9419 2511
9435 2513
9451 2517
9468 2522
9484 2523
9500 2545
9517 2549
9533 2542
9549 2545
9566 2536
9582 2535
9598 2531
9615 2532
9631 2532
9647 2532
9664 2532
9680 2539
9696 2530
9713 2536
9729 2537
9745 2534
9762 2532
9778 2513
9794 2511
9811 2517
9827 2514
9843 2520
9860 2542
9876 2548
9892 2545
9908 2542
9925 2540
9941 2535
9957 2533
9974 2536
9991 2529
10008 2534
10024 2532
10041 2533
10057 2535
10073 2532
10089 2536
10106 2525
10122 2512
10138 2512
10155 2517
10171 2520
10187 2522
10204 2547
10220 2546
10236 2542
10253 2541
10269 2539
10285 2536
10302 2535
10318 2539
10334 2532
10351 2540
10367 2527
10383 2537
10400 2535
10416 2531
10432 2528
10449 2536
10465 2532
10481 2518
10498 2512
10514 2517
10530 2519
10546 2522
10563 0
10579 0
10595 0
10612 0
10628 0
10644 0
10661 0
10677 0
10693 0
10710 0
10726 0
10742 0
10759 0
10775 0
10791 0
10808 0
10824 0
10840 0
10857 0
10873 0
10889 0
10906 0
10922 0
10938 0
10955 0
10971 0
10988 0
11005 0
11021 0
11038 0
11054 0
11070 0
11087 0
11103 0
11119 0
11136 0
11152 0
11168 0
11184 0
11201 0
11217 0
11233 0
11250 0
11266 0
11282 0
11299 0
11315 0
11331 0
11348 0
11364 0
11380 0
11397 0
11413 0
11429 0
11446 0
11462 0
11478 0
11495 0
11511 0
11527 0
11544 0
11560 2509
11576 2513
11593 2515
11609 2518
11625 2520
11641 2544
11658 2547
11674 2617
11690 2544
11707 2538
11723 2541
11739 2536
11756 2535
11772 2538
11788 2531
11805 2513
11821 2532
11837 2535
11854 2529
11870 2526
11886 2521
11903 2526
11919 2508
11935 2509
11952 2510
11968 2508
11985 2542
12002 2542
12018 2537
12035 2535
12051 2542
12067 2535
12084 2550
12100 2536
12116 2531
12133 2536
12149 2535
12165 2534
12182 2542
12198 2530
12214 2527
12231 2537
12247 2523
12263 2511
12279 2514
12296 2510
12312 2524
12328 2520
12345 2544
12361 2544
12377 2539
12394 2534
12410 2540
12426 2536
12443 2537
12459 2534
12475 2534
12492 2526
12508 2534
12524 2537
12541 2531
12557 2532
12573 2543
12590 2532
12606 2536
12622 2507
12639 2510
12655 2530
12671 2518
12688 2520
12704 2536
12720 2546
12736 2549
12753 2543
12769 2541
12785 2535
12802 2534
12818 2535
12834 2536
12851 2531
12867 2536
12883 2532
12900 2535
12916 2531
12932 2533
12949 2533
12965 2534
12981 2512
12999 2512
13015 2522
13032 2519
13048 2549
13065 2547
13081 2546
13097 2539
13114 2538
13130 2526
13146 2536
13163 2530
13179 2534
13195 2532
13212 2536
13228 2530
13244 2525
13261 2527
13277 2535
13293 2518
13309 2532
13326 2512
13342 2510
13358 2514
13375 2519
13391 2521
13407 2545
13424 2538
13440 2547
13456 2542
13473 2538
13489 2535
13505 2536
13522 2535
13538 2525
13554 2528
13571 2534
13587 2532
13603 2531
13620 2531
13636 2533
13652 2531
13669 2532
13685 2516
13701 2511
13718 2512
13734 2522
13750 2521
13766 2524
13783 2545
13799 2549
13815 2544
13832 2517
13848 2540
13864 2541
13881 2522
13897 2532
13913 2531
13930 2533
13946 2533
13962 2533
13979 2532
13996 2534
14012 2528
14029 2523
14045 2514
14061 2506
14078 2521
14094 2519
14110 2525
14127 2547
14143 2547
14159 2547
14175 2543
14192 2538
14208 2518
14224 2535
14241 2535
14257 2535
14273 2532
14290 2534
14306 2533
14322 2534
14339 2535
14355 2530
14371 2537
14388 2531
14404 2515
14420 2515
14437 2515
14453 2518
14469 2525
14486 2533
14502 2550
14518 2547
14535 2545
14551 2540
14567 2540
14584 2536
14600 2537
14616 2527
14632 2532
14649 2528
14665 2532
14681 2528
14698 2549
14714 2537
14730 2533
14747 2530
14763 2536
14779 2513
14796 2517
14812 2516
14828 2520
14845 2522
14861 2546
14877 2550
14894 2546
14910 2544
14926 2541
14943 2532
14959 2538
14975 2530
14993 2531
15009 2532
15026 2534
15042 2534
15058 2531
15075 2533
15091 2530
15107 2513
15124 2515
15140 2516
15156 2520
15173 2524
15189 2534
15205 2544
15222 2546
15238 2582
15254 2542
15270 2539
15287 2539
15303 2536
15319 2531
15336 2528
15352 2536
15368 2533
15385 2534
15401 2537
15417 2534
15434 2537
15450 2532
15466 2532
15483 2513
15499 2517
15515 2513
15532 2523
15548 2521
15564 2543
15581 2550
15597 2547
15613 0
15630 0
15646 0
15662 0
15679 0
15695 0
15711 0
15727 0
15744 0
15760 0
15776 0
15793 0
15809 0
15825 0
15842 0
15858 0
15874 0
15891 0
15907 0
15923 0
15940 0
15956 0
15972 0
15990 0
16006 0
16023 0
16039 0
16055 0
16072 0
16088 0
16104 0
16121 0
16137 0
16153 0
16170 0
16186 0
16202 0
16219 0
16235 0
16251 0
16268 0
16284 0
16300 0
16317 0
16333 0
16349 0
16365 0
16382 0
16398 0
16414 0
16431 0
16447 0
16463 0
16480 0
16496 0
16512 0
16529 0
16545 0
16561 0
16578 0
16594 0
16610 2520
16627 2527
16643 2544
16659 2548
16676 2546
16692 2540
16708 2536
16725 2529
16741 2534
16757 2535
16774 2525
16790 2532
16806 2535
16822 2535
16839 2534
16855 2532
16871 2533
16888 2535
16904 2525
16920 2512
16937 2513
16953 2513
16969 2518
16987 2548
17003 2547
17020 2540
17036 2541
17052 2532
17069 2537
17085 2532
17101 2528
17118 2531
17134 2533
17150 2534
17167 2539
17183 2527
17199 2533
17216 2533
17232 2531
17248 2515
17265 2507
17281 2515
17297 2517
17314 2519
17330 2526
17346 2544
17363 2547
17379 2544
17395 2541
17412 2538
17428 2536
17444 2534
17460 2530
17477 2526
17493 2534
17509 2533
17526 2535
17542 2535
17558 2534
17575 2534
17591 2534
17607 2525
17624 2518
17640 2510
17656 2516
17673 2517
17689 2520
17705 2538
17722 2545
17738 2543
17754 2546
17771 2540
17787 2540
17803 2535
17820 2534
17836 2529
17852 2533
17869 2533
17885 2531
17901 2531
17917 2535
17934 2533
17950 2539
17966 2528
17984 2512
18000 2514
18017 2522
18033 2525
18049 2539
18066 2540
18082 2542
18098 2540
18115 2540
18131 2536
18147 2535
18164 2531
18180 2527
18196 2534
18213 2525
18229 2536
18245 2532
18262 2535
18278 2533
18294 2535
18311 2530
18327 2515
18343 2508
18360 2517
18376 2515
18392 2517
18409 2533
18425 2552
18441 2543
18457 2542
18474 2514
18490 2539
18506 2535
18523 2539
18539 2530
18555 2529
18572 2535
18588 2536
18604 2537
18621 2535
18637 2530
18653 2533
18670 2526
18686 2529
18702 2514
18719 2511
18735 2516
18751 2523
18768 2521
18784 2506
18800 2547
18817 2544
18833 2542
18849 2541
18866 2535
18882 2535
18898 2533
18914 2522
18931 2531
18947 2537
18963 2537
18980 2531
18997 2533
19014 2531
19030 2521
19046 2509
19063 2517
19079 2514
19095 2522
19112 2523
19128 2545
19144 2550
19160 2557
19177 2541
19193 2542
19209 2537
19226 2537
19242 2533
19258 2528
19275 2532
19291 2535
19307 2539
19324 2537
19340 2537
19356 2538
19373 2530
19389 2531
19405 2513
19422 2504
19438 2515
19454 2518
19471 2519
19487 2536
19503 2544
19520 2541
19536 2542
19552 2543
19569 2540
19585 2537
19601 2539
19617 2533
19634 2529
19650 2534
19666 2532
19683 2538
19699 2536
19715 2534
19732 2521
19748 2530
19764 2527
19781 2515
19797 2515
19813 2518
19830 2516
19846 2524
19862 2556
19879 2545
19895 2545
19911 2544
19928 2539
19944 2540
19960 2536
19977 2538
19994 2537
20010 2537
20027 2536
20043 2532
20060 2534
20076 2532
20092 2532
20109 2493
20125 2515
20141 2514
20158 2512
20174 2522
20190 2529
20207 2549
20223 2552
20239 2541
20255 2542
20272 2541
20288 2537
20304 2538
20321 2535
20337 2524
20353 2538
20370 2532
20386 2539
20402 2530
20419 2538
20435 2531
20451 2532
20468 2531
20484 2510
20500 2512
20517 2515
20533 2515
20549 2519
20566 2542
20582 2549
20598 2545
20615 2541
20631 2539
20647 0
20664 0
20680 0
20696 0
20712 0
20729 0
20745 0
20761 0
20778 0
20794 0
20810 0
20827 0
20843 0
20859 0
20876 0
20892 0
20908 0
20925 0
20941 0
20957 0
20974 0
20991 0
21007 0
21024 0
21040 0
21057 0
21073 0
21089 0
21106 0
21122 0
21138 0
21155 0
21171 0
21187 0
21204 0
21220 0
21236 0
21253 0
21269 0
21285 0
21302 0
21318 0
21334 0
21350 0
21367 0
21383 0
21399 0
21416 0
21432 0
21448 0
21465 0
21481 0
21497 0
21514 0
21530 0
21546 0
21563 0
21579 0
21595 0
21612 0
21628 0
21644 2551
21661 2553
21677 2548
21693 2541
21710 2541
21726 2535
21742 2537
21759 2534
21775 2532
21791 2532
21807 2531
21824 2529
21840 2528
21856 2531
21873 2534
21889 2527
21905 2544
21922 2516
21938 2515
21954 2517
21971 2519
21988 2549
22004 2545
22021 2543
22037 2539
22054 2543
22070 2536
22086 2534
22103 2532
22119 2528
22135 2528
22152 2536
22168 2530
22184 2537
22201 2531
22217 2534
22233 2533
22250 2520
22266 2514
22282 2517
22299 2516
22315 2524
22331 2521
22348 2552
22364 2549
22380 2544
22397 2542
22413 2544
22429 2538
22445 2531
22462 2521
22478 2537
22494 2527
22511 2526
22527 2530
22543 2532
22560 2534
22576 2535
22592 2533
22609 2533
22625 2515
22641 2515
22658 2512
22674 2519
22690 2526
22707 2534
22723 2538
22739 2543
22756 2534
22772 2543
22788 2533
22805 2539
22821 2539
22837 2539
22854 2538
22870 2537
22886 2534
22902 2530
22919 2531
22935 2532
22951 2528
22968 2540
22985 2511
23002 2517
23018 2522
23035 2520
23051 2552
23067 2547
23083 2555
23100 2540
23116 2540
23132 2532
23149 2518
23165 2520
23181 2523
23198 2523
23214 2526
23230 2522
23247 2550
23263 2547
23279 2546
23296 2540
23312 2539
23328 2521
23345 2517
23361 2513
23377 2520
23394 2519
23410 2537
23426 2547
23443 2549
23459 2544
23475 2541
23492 2537
23508 2509
23524 2511
23540 2519
23557 2535
23573 2526
23589 2519
23606 2542
23622 2548
23638 2544
23655 2542
23671 2541
23687 2527
23704 2516
23720 2512
23736 2517
23753 2522
23769 2522
23785 2544
23802 2545
23818 2538
23834 2544
23851 2538
23867 2527
23883 2532
23900 2516
23916 2521
23932 2526
23949 2525
23965 2526
23981 2543
23999 2544
24015 2539
24032 2517
24048 2514
24065 2518
24081 2520
24097 2523
24113 2548
24130 2545
24146 2543
24162 2534
24179 2537
24195 2521
24211 2521
24228 2520
24244 2524
24260 2524
24277 2527
24293 2522
24309 2546
24326 2545
24342 2545
24358 2538
24375 2533
24391 2521
24407 2513
24424 2513
24440 2522
24456 2521
24473 2522
24489 2546
24505 2549
24522 2540
24538 2542
24554 2541
24570 2518
24587 2514
24603 2517
24619 2515
24636 2526
24652 2526
24668 2536
24685 2549
24701 2541
24717 2538
24734 2536
24750 2537
24766 2519
24783 2518
24799 2515
24815 2519
24832 2520
24848 2542
24864 2525
24881 2526
24897 2528
24913 2524
24930 2528
24946 2523
24962 2527
24979 2528
24995 2524
25012 2527
25028 2525
25044 2526
25061 2525
25077 2528
25093 2522
25110 2520
25126 2529
25142 2525
25159 2524
25175 2526
25191 2522
25208 2529
25224 2523
25240 2526
25257 2526
25273 2526
25289 2524
25306 2532
25322 2523
25338 2526
25355 2523
25371 2527
25387 2525
25403 2525
25420 2522
25436 2525
25452 2524
25469 2531
25485 2523
25501 2529
25518 2526
25534 2524
25550 2507
25567 2526
25583 2527
25599 2532
25616 2523
25632 2526
25648 2523
25665 2527
25681 2540
25697 0
25714 0
25730 0
25746 0
25763 0
25779 0
25795 0
25812 0
25828 0
25844 0
25860 0
25877 0
25893 0
25909 0
25926 0
25942 0
25958 0
25975 0
25992 0
26009 0
26025 0
26041 0
26058 0
26074 0
26090 0
26107 0
26123 0
26139 0
26156 0
26172 0
26188 0
26205 0
26221 0
26237 0
26254 0
26270 0
26286 0
26303 0
26319 0
26335 0
26352 0
26368 0
26384 0
26401 0
26417 0
26433 0
26450 0
26466 0
26482 0
26498 0
26515 0
26531 0
26547 0
26564 0
26580 0
26596 0
26613 0
26629 0
26645 0
26662 0
26678 0
26694 2543
26711 2537
26727 2539
26743 2537
26760 2535
26776 2534
26792 2534
26809 2531
26825 2529
26841 2530
26858 2536
26874 2529
26890 2535
26907 2529
26923 2515
26939 2512
26955 2512
26972 2516
26989 2541
27006 2549
27022 2536
27039 2544
27055 2537
27071 2536
27088 2534
27104 2533
27120 2533
27136 2535
27153 2533
27169 2536
27185 2530
27202 2532
27218 2534
27234 2531
27251 2535
27267 2511
27283 2509
27300 2518
27316 2515
27332 2522
27349 2536
27365 2541
27381 2544
27398 2541
27414 2537
27430 2539
27447 2540
27463 2531
27479 2531
27496 2534
27512 2532
27528 2535
27545 2532
27561 2531
27577 2538
27593 2532
27610 2532
27626 2515
27642 2512
27659 2515
27675 2516
27691 2522
27708 2521
27724 2549
27740 2545
27757 2542
27773 2538
27789 2539
27806 2535
27822 2536
27838 2531
27855 2533
27871 2531
27887 2534
27904 2527
27920 2536
27936 2531
27953 2532
27969 2532
27986 2516
28003 2512
28019 2518
28036 2521
28052 2541
28068 2545
28085 2536
28101 2540
28117 2538
28134 2541
28150 2535
28166 2536
28183 2534
28199 2536
28215 2533
28231 2536
28248 2534
28264 2534
28280 2530
28297 2524
28313 2532
28329 2515
28346 2515
28362 2517
28378 2514
28395 2521
28411 2521
28427 2547
28444 2544
28460 2544
28476 2539
28493 2541
28509 2531
28525 2537
28542 2533
28558 2533
28574 2532
28591 2534
28607 2532
28623 2535
28640 2536
28656 2532
28672 2531
28688 2538
28705 2514
28721 2514
28737 2514
28754 2517
28770 2522
28786 2537
28803 2547
28819 2540
28835 2538
28852 2543
28868 2537
28884 2538
28901 2533
28917 2531
28933 2530
28950 2532
28966 2533
28984 2529
29001 2537
29017 2514
29033 2511
29050 2510
29066 2518
29082 2533
29099 2522
29115 2546
29131 2543
29148 2537
29164 2542
29180 2539
29197 2543
29213 2535
29229 2536
29246 2538
29262 2536
29278 2537
29295 2537
29311 2535
29327 2537
29344 2533
29360 2536
29376 2530
29393 2509
29409 2511
29425 2516
29442 2519
29458 2515
29474 2540
29490 2551
29507 2546
29523 2540
29539 2539
29556 2539
29572 2531
29588 2535
29605 2533
29621 2533
29637 2532
29654 2536
29670 2532
29686 2536
29703 2530
29719 2534
29735 2534
29752 2520
29768 2512
29784 2530
29801 2513
29817 2523
29833 2523
29850 2547
29866 2547
29882 2546
29899 2534
29915 2532
29931 2538
29947 2540
29964 2521
29980 2538
29998 2535
30014 2533
30030 2531
30047 2537
30063 2532
30079 2529
30096 2519
30112 2512
30128 2515
30144 2521
30161 2530
30177 2525
30193 2549
30210 2550
30226 2544
30242 2540
30259 2540
30275 2537
30291 2535
30308 2532
30324 2532
30340 2538
30357 2529
30373 2534
30389 2532
30406 2530
30422 2535
30438 2537
30455 2535
30471 2522
30487 2511
30504 2517
30520 2518
30536 2522
30553 2535
30569 2544
30585 2544
30601 2539
30618 2543
30634 2540
30650 2532
30667 2537
30683 2528
30699 2529
30716 2531
30732 0
30748 0
30765 0
30781 0
30797 0
30814 0
30830 0
30846 0
30863 0
30879 0
30895 0
30912 0
30928 0
30944 0
30961 0
30977 0
30994 0
31011 0
31027 0
31044 0
31060 0
31076 0
31093 0
31109 0
31125 0
31141 0
31158 0
31174 0
31190 0
31207 0
31223 0
31239 0
31256 0
31272 0
31288 0
31305 0
31321 0
31337 0
31354 0
31370 0
31386 0
31403 0
31419 0
31435 0
31452 0
31468 0
31484 0
31501 0
31517 0
31533 0
31550 0
31566 0
31582 0
31598 0
31615 0
31631 0
31647 0
31664 0
31680 0
31696 0
31713 0
31729 2544
31745 2527
31762 2532
31778 2528
31794 2528
31811 2528
31827 2539
31843 2529
31860 2534
31876 2530
31892 2529
31909 2522
31925 2513
31941 2512
31958 2519
31974 2519
31991 2548
32008 2546
32024 2539
32041 2536
32057 2528
32073 2532
32090 2530
32106 2529
32122 2536
32139 2535
32155 2533
32171 2537
32188 2529
32204 2536
32220 2528
32236 2542
32253 2509
32269 2513
32285 2524
32302 2521
32318 2518
32334 2543
32351 2539
32367 2545
32383 2540
32400 2535
32416 2535
32432 2534
32449 2535
32465 2529
32481 2531
32498 2537
32514 2532
32530 2539
32547 2534
32563 2535
32579 2536
32596 2528
32612 2515
32628 2513
32645 2512
32661 2520
32677 2519
32693 2522
32710 2556
32726 2547
32742 2546
32759 2541
32775 2535
32791 2541
32808 2533
32824 2534
32840 2527
32857 2531
32873 2529
32889 2509
32906 2530
32922 2533
32938 2532
32955 2533
32971 2529
32988 2514
33005 2517
33021 2523
33038 2542
33054 2548
33070 2549
33087 2538
33103 2538
33119 2537
33136 2534
33152 2533
33168 2530
33185 2532
33201 2536
33217 2531
33234 2534
33250 2531
33266 2534
33283 2535
33299 2531
33315 2514
33331 2510
33348 2509
33364 2518
33380 2519
33397 2523
33413 2548
33429 2547
33446 2540
33462 2543
33478 2536
33495 2541
33511 2535
33527 2530
33544 2527
33560 2537
33576 2553
33593 2538
33609 2530
33625 2534
33642 2531
33658 2537
33674 2533
33691 2513
33707 2510
33723 2520
33740 2517
33756 2527
33772 2539
33788 2546
33805 2548
33821 2542
33837 2540
33854 2541
33870 2531
33886 2541
33903 2530
33919 2530
33935 2536
33952 2534
33968 2535
33985 2533
34002 2531
34018 2511
34035 2515
34051 2509
34067 2516
34084 2520
34100 2523
34116 2546
34133 2547
34149 2550
34165 2545
34182 2538
34198 2537
34214 2534
34231 2533
34247 2530
34263 2533
34280 2535
34296 2536
34312 2531
34329 2535
34345 2535
34361 2537
34378 2530
34394 2519
34410 2513
34426 2518
34443 2523
34459 2522
34475 2539
34492 2551
34508 2545
34524 2535
34541 2538
34557 2538
34573 2530
34590 2534
34606 2531
34622 2532
34639 2530
34655 2558
34671 2532
34688 2535
34704 2534
34720 2533
34737 2530
34753 2519
34769 2511
34786 2514
34802 2514
34818 2523
34835 2519
34851 2546
34867 2549
34883 2546
34900 2540
34916 2539
34932 2536
34949 2539
34965 2534
34981 2533
34999 2535
35015 2537
35032 2536
35048 2536
35065 2530
35081 2530
35097 2514
35114 2514
35130 2516
35146 2522
35163 2524
35179 2542
35195 2544
35212 2552
35228 2544
35244 2541
35261 2539
35277 2537
35293 2533
35309 2539
35326 2528
35342 2537
35358 2535
35375 2535
35391 2537
35407 2538
35424 2534
35440 2535
35456 2515
35473 2513
35489 2516
35505 2519
35522 2517
35538 2524
35554 2551
35571 2548
35587 2548
35603 2543
35620 2537
35636 2538
35652 2535
35669 2535
35685 2527
35701 2536
35718 2534
35734 2541
35750 2535
35766 2533
35783 0
35799 0
35815 0
35832 0
35848 0
35864 0
35881 0
35897 0
35913 0
35930 0
35946 0
35962 0
35979 0
35996 0
36012 0
36029 0
36045 0
36061 0
36078 0
36094 0
36110 0
36127 0
36143 0
36159 0
36175 0
36192 0
36208 0
36224 0
36241 0
36257 0
36273 0
36290 0
36306 0
36322 0
36339 0
36355 0
36371 0
36388 0
36404 0
36420 0
36437 0
36453 0
36469 0
36486 0
36502 0
36518 0
36535 0
36551 0
36567 0
36584 0
36600 0
36616 0
36632 0
36649 0
36665 0
36681 0
36698 0
36714 0
36730 0
36747 0
36763 0
36779 2533
36796 2534
36812 2534
36828 2534
36845 2533
36861 2532
36877 2529
36894 2529
36910 2512
36926 2510
36943 2513
36959 2515
36975 2518
36993 2547
37009 2542
37026 2537
37042 2537
37058 2535
37075 2535
37091 2528
37107 2476
37124 2535
37140 2537
37156 2531
37173 2535
37189 2531
37205 2530
37222 2529
37238 2507
37254 2513
37270 2515
37287 2511
37303 2520
37319 2518
37336 2546
37352 2546
37368 2544
37385 2541
37401 2537
37417 2531
37434 2538
37450 2528
37466 2531
37483 2530
37499 2537
37515 2538
37532 2532
37548 2532
37564 2540
37581 2530
37597 2530
37613 2514
37630 2512
37646 2513
37662 2516
37679 2518
37695 2520
37711 2548
37727 2549
37744 2542
37760 2541
37776 2536
37793 2537
37809 2537
37825 2530
37842 2529
37858 2535
37874 2532
37891 2538
37907 2533
37923 2534
37940 2533
37956 2531
37972 2530
37990 2514
38006 2519
38023 2520
38039 2547
38055 2546
38072 2546
38088 2542
38104 2540
38121 2535
38137 2537
38153 2533
38170 2529
38186 2513
38202 2529
38219 2525
38235 2533
38251 2531
38268 2533
38284 2531
38300 2532
38317 2521
38333 2518
38349 2512
38365 2516
38382 2519
38398 2523
38414 2547
38431 2549
38447 2545
38463 2537
38480 2537
38496 2539
38512 2534
38529 2534
38545 2528
38561 2530
38578 2532
38594 2529
38610 2528
38627 2532
38643 2533
38659 2534
38676 2534
38692 2516
38708 2517
38725 2517
38741 2517
38757 2522
38774 2540
38790 2549
38806 2542
38822 2546
38839 2537
38855 2539
38871 2535
38888 2534
38904 2533
38920 2532
38937 2528
38953 2536
38969 2528
38987 2533
39003 2531
39020 2516
39036 2510
39052 2519
39069 2518
39085 2518
39101 2526
39118 2548
39134 2554
39150 2545
39167 2539
39183 2539
39199 2537
39216 2535
39232 2530
39248 2529
39265 2544
39281 2529
39297 2536
39314 2533
39330 2532
39346 2538
39363 2535
39379 2534
39395 2524
39412 2507
39428 2513
39444 2517
39460 2518
39477 2537
39493 2541
39509 2542
39526 2543
39542 2538
39558 2539
39575 2532
39591 2537
39607 2533
39624 2523
39640 2528
39656 2523
39673 2544
39689 2554
39705 2501
39722 2543
39738 2539
39754 2525
39771 2511
39787 2512
39803 2514
39820 2520
39836 2532
39852 2548
39869 2548
39885 2545
39901 2541
39917 2540
39934 2523
39950 2519
39966 2519
39984 2521
40000 2526
40017 2548
40033 2552
40049 2545
40066 2542
40082 2537
40098 2517
40115 2512
40131 2518
40147 2517
40164 2523
40180 2534
40196 2544
40213 2546
40229 2544
40245 2541
40262 2539
40278 2513
40294 2523
40311 2525
40327 2525
40343 2522
40360 2525
40376 2539
40392 2543
40409 2547
40425 2545
40441 2538
40457 2539
40474 2513
40490 2509
40506 2516
40523 2521
40539 2524
40555 2544
40572 2539
40588 2547
40604 2540
40621 2541
40637 2523
40653 2552
40670 2516
40686 2521
40702 2523
40719 2525
40735 2519
40751 2548
40768 2551
40784 2527
40800 2543
40817 0
40833 0
40849 0
40866 0
40882 0
40898 0
40914 0
40931 0
40947 0
40963 0
40980 0
40997 0
41014 0
41030 0
41046 0
41063 0
41079 0
41095 0
41112 0
41128 0
41144 0
41160 0
41177 0
41193 0
41209 0
41226 0
41242 0
41258 0
41275 0
41291 0
41307 0
41324 0
41340 0
41356 0
41373 0
41389 0
41405 0
41422 0
41438 0
41454 0
41471 0
41487 0
41503 0
41520 0
41536 0
41552 0
41569 0
41585 0
41601 0
41617 0
41634 0
41650 0
41666 0
41683 0
41699 0
41715 0
41732 0
41748 0
41764 0
41781 0
41797 0
41813 2533
41830 2532
41846 2525
41862 2527
41879 2528
41895 2525
41911 2529
41928 2527
41944 2526
41960 2521
41977 2529
41994 2528
42010 2529
42027 2527
42043 2545
42060 2528
42076 2526
42092 2527
42109 2526
42125 2528
42141 2527
42158 2533
42174 2528
42190 2529
42207 2527
42223 2530
42239 2524
42255 2534
42272 2528
42288 2467
42304 2530
42321 2524
42337 2531
42353 2539
42370 2525
42386 2527
42402 2524
42419 2506
42435 2525
42451 2524
42468 2540
42484 2529
42500 2526
42517 2530
42533 2525
42549 2529
42566 2526
42582 2526
42598 2526
42615 2517
42631 2509
42647 2519
42664 2515
42680 2522
42696 2524
42712 2547
42729 2549
42745 2543
42761 2541
42778 2541
42794 2535
42810 2537
42827 2533
42843 2536
42859 2535
42876 2533
42892 2541
42908 2531
42925 2535
42941 2536
42957 2532
42974 2535
42991 2514
43007 2520
43024 2521
43040 2544
43057 2531
43073 2543
43089 2544
43106 2537
43122 2539
43138 2538
43155 2535
43171 2535
43187 2534
43204 2531
43220 2537
43236 2537
43253 2534
43269 2536
43285 2534
43302 2533
43318 2517
43334 2511
43350 2514
43367 2516
43383 2522
43399 2523
43416 2546
43432 2534
43448 2533
43465 2538
43481 2538
43497 2534
43514 2536
43530 2534
43546 2535
43563 2532
43579 2534
43595 2534
43612 2537
43628 2550
43644 2533
43661 2534
43677 2529
43693 2512
43710 2515
43726 2513
43742 2518
43759 2521
43775 2538
43791 2545
43807 2547
43824 2540
43840 2544
43856 2538
43873 2539
43889 2551
43905 2534
43922 2535
43938 2535
43954 2533
43971 2533
43988 2532
44004 2522
44021 2520
44037 2511
44054 2515
44070 2516
44086 2522
44103 2521
44119 2543
44135 2538
44152 2547
44168 2541
44184 2540
44201 2538
44217 2534
44233 2536
44250 2537
44266 2529
44282 2538
44299 2530
44315 2536
44331 2535
44348 2525
44364 2536
44380 2537
44397 2515
44413 2513
44429 2512
44445 2516
44462 2522
44478 2540
44494 2551
44511 2545
44527 2541
44543 2540
44560 2537
44576 2538
44592 2534
44609 2536
44625 2538
44641 2532
44658 2532
44674 2540
44690 2529
44707 2534
44723 2530
44739 2533
44756 2522
44772 2508
44788 2504
44805 2516
44821 2515
44837 2526
44854 2542
44870 2547
44886 2544
44902 2541
44919 2538
44935 2537
44951 2534
44968 2536
44985 2536
45002 2529
45018 2532
45035 2533
45051 2525
45067 2520
45083 2524
45100 2513
45116 2518
45132 2511
45149 2522
45165 2519
45181 2538
45198 2548
45214 2542
45230 2541
45247 2541
45263 2536
45279 2536
45296 2533
45312 2533
45328 2528
45345 2530
45361 2533
45377 2534
45394 2531
45410 2534
45426 2528
45443 2534
45459 2517
45475 2509
45492 2514
45508 2514
45524 2515
45540 2520
45557 2541
45573 2543
45589 2538
45606 2537
45622 2539
45638 2537
45655 2534
45671 2537
45687 2531
45704 2529
45720 2531
45736 2534
45753 2530
45769 2533
45785 2533
45802 2529
45818 2531
45834 2525
45851 2504
45867 0
45883 0
45900 0
45916 0
45932 0
45949 0
45965 0
45981 0
45999 0
46015 0
46032 0
46048 0
46065 0
46081 0
46097 0
46113 0
46130 0
46146 0
46162 0
46179 0
46195 0
46211 0
46228 0
46244 0
46260 0
46277 0
46293 0
46309 0
46326 0
46342 0
46358 0
46375 0
46391 0
46407 0
46424 0
46440 0
46456 0
46473 0
46489 0
46505 0
46522 0
46538 0
46554 0
46570 0
46587 0
46603 0
46619 0
46636 0
46652 0
46668 0
46685 0
46701 0
46717 0
46734 0
46750 0
46766 0
46783 0
46799 0
46815 0
46832 0
46848 0
46864 2539
46881 2527
46897 2523
46913 2514
46930 2512
46946 2516
46962 2517
46979 2521
46995 2540
47012 2544
47028 2535
47044 2538
47061 2536
47077 2536
47093 2524
47110 2530
47126 2528
47142 2530
47159 2530
47175 2531
47191 2530
47208 2535
47224 2530
47240 2533
47257 2514
47273 2514
47289 2506
47306 2517
47322 2521
47338 2537
47355 2547
47371 2547
47387 2541
47403 2542
47420 2544
47436 2534
47452 2539
47469 2528
47485 2530
47501 2534
47518 2527
47534 2531
47550 2537
47567 2532
47583 2533
47599 2531
47616 2522
47632 2513
47648 2513
47665 2517
47681 2518
47697 2524
47714 2545
47730 2544
47746 2548
47763 2540
47779 2535
47795 2540
47812 2531
47828 2535
47844 2527
47860 2529
47877 2533
47893 2529
47909 2531
47926 2535
47942 2530
47958 2531
47975 2532
47992 2510
48009 2517
48025 2519
48041 2531
48058 2550
48074 2547
48090 2541
48107 2563
48123 2537
48139 2537
48156 2537
48172 2533
48188 2528
48205 2528
48221 2530
48237 2529
48254 2528
48270 2533
48286 2531
48303 2532
48319 2531
48335 2513
48352 2513
48368 2520
48384 2513
48401 2524
48417 2544
48433 2546
48450 2546
48466 2575
48482 2537
48498 2538
48515 2531
48531 2535
48547 2525
48564 2526
48580 2522
48596 2529
48613 2531
48629 2532
48645 2516
48662 2536
48678 2527
48694 2517
48711 2512
48727 2511
48743 2518
48760 2522
48776 2508
48792 2550
48809 2546
48825 2543
48841 2541
48858 2543
48874 2535
48890 2536
48907 2530
48923 2530
48939 2532
48955 2537
48972 2534
48989 2535
49006 2525
49022 2531
49039 2515
49055 2510
49071 2517
49088 2517
49104 2523
49120 2546
49136 2552
49153 2545
49169 2545
49185 2528
49202 2538
49218 2533
49234 2539
49251 2531
49267 2533
49283 2538
49300 2534
49316 2533
49332 2537
49349 2532
49365 2536
49381 2529
49398 2515
49414 2511
49430 2511
49447 2511
49463 2524
49479 2524
49496 2550
49512 2545
49528 2545
49545 2536
49561 2538
49577 2537
49593 2536
49610 2530
49626 2531
49642 2533
49659 2539
49675 2537
49691 2533
49708 2539
49724 2537
49740 2529
49757 2531
49773 2516
49789 2514
49806 2516
49822 2518
49838 2524
49855 2539
49871 2548
49887 2547
49904 2541
49920 2541
49936 2531
49953 2537
49969 2536
49986 2536
50003 2537
50019 2531
50036 2536
50052 2539
50068 2535
50085 2527
50101 2517
50117 2514
50134 2525
50150 2514
50166 2526
50183 2519
50199 2548
50215 2551
50231 2544
50248 2543
50264 2526
50280 2535
50297 2539
50313 2531
50329 2529
50346 2534
50362 2536
50378 2535
50395 2538
50411 2533
50427 2531
50444 2530
50460 2532
50476 2514
50493 2513
50509 2516
50525 2523
50542 2522
50558 2540
50574 2548
50591 2550
50607 2543
50623 2539
50640 2538
50656 2534
50672 2534
50688 2531
50705 2525
50721 2537
50737 2537
50754 2539
50770 2536
50786 2534
50803 2532
50819 2532
50835 2512
50852 2511
50868 2506
50884 2519
50901 2520
50917 0
50933 0
50950 0
50966 0
50984 0
51001 0
51017 0
51033 0
51050 0
51066 0
51082 0
51099 0
51115 0
51131 0
51148 0
51164 0
51180 0
51197 0
51213 0
51229 0
51246 0
51262 0
51278 0
51295 0
51311 0
51327 0
51344 0
51360 0
51376 0
51393 0
51409 0
51425 0
51442 0
51458 0
51474 0
51490 0
51507 0
51523 0
51539 0
51556 0
51572 0
51588 0
51605 0
51621 0
51637 0
51654 0
51670 0
51686 0
51703 0
51719 0
51735 0
51752 0
51768 0
51784 0
51801 0
51817 0
51833 0
51850 0
51866 0
51882 0
51899 2519
51915 2515
51931 2512
51947 2520
51964 2518
51980 2525
51998 2542
52014 2543
52030 2538
52047 2536
52063 2535
52079 2535
52096 2528
52112 2534
52128 2534
52144 2540
52161 2523
52177 2532
52193 2532
52210 2534
52226 2529
52242 2512
52259 2509
52275 2519
52291 2514
52308 2520
52324 2538
52340 2537
52357 2546
52373 2546
52389 2538
52406 2539
52422 2534
52438 2536
52455 2528
52471 2527
52487 2536
52504 2534
52520 2533
52536 2538
52553 2529
52569 2537
52585 2527
52601 2530
52618 2512
52634 2508
52650 2519
52667 2523
52683 2512
52699 2542
52716 2548
52732 2528
52748 2543
52765 2540
52781 2532
52797 2540
52814 2530
52830 2532
52846 2530
52863 2534
52879 2532
52895 2533
52912 2535
52928 2534
52944 2532
52961 2530
52977 2510
52994 2515
53011 2519
53027 2538
53044 2549
53060 2542
53076 2543
53093 2539
53109 2538
53125 2536
53141 2534
53158 2529
53174 2529
53190 2532
53207 2538
53223 2531
53239 2538
53256 2532
53272 2533
53288 2534
53305 2525
53321 2510
53337 2516
53354 2513
53370 2522
53386 2521
53403 2544
53419 2612
53435 2545
53452 2539
53468 2542
53484 2534
53501 2539
53517 2531
53533 2530
53550 2548
53566 2531
53582 2535
53598 2541
53615 2530
53631 2536
53647 2537
53664 2529
53680 2514
53696 2511
53713 2513
53729 2521
53745 2517
53762 2526
53778 2546
53794 2547
53811 2520
53827 2538
53843 2536
53860 2536
53876 2530
53892 2534
53909 2523
53925 2535
53941 2534
53958 2533
53974 2535
53991 2534
54008 2533
54024 2508
54041 2514
54057 2519
54073 2519
54090 2524
54106 2545
54122 2546
54139 2549
54155 2542
54171 2540
54188 2537
54204 2537
54220 2532
54236 2531
54253 2531
54269 2539
54285 2534
54302 2538
54318 2532
54334 2535
54351 2537
54367 2530
54383 2512
54400 2513
54416 2512
54432 2527
54449 2520
54465 2523
54481 2550
54498 2551
54514 2541
54530 2544
54547 2537
54563 2537
54579 2538
54596 2530
54612 2530
54628 2539
54645 2535
54661 2535
54677 2533
54693 2538
54710 2531
54726 2531
54742 2528
54759 2518
54775 2523
54791 2518
54808 2517
54824 2522
54840 2540
54857 2552
54873 2547
54889 2540
54906 2537
54922 2545
54938 2532
54955 2539
54971 2532
54988 2531
55005 2533
55021 2530
55038 2533
55054 2533
55070 2534
55087 2517
55103 2515
55119 2514
55136 2519
55152 2520
55168 2523
55185 2544
55201 2549
55217 2542
55234 2541
55250 2538
55266 2540
55283 2534
55299 2533
55315 2527
55331 2532
55348 2531
55364 2530
55380 2531
55397 2535
55413 2532
55429 2533
55446 2538
55462 2514
55478 2515
55495 2516
55511 2520
55527 2522
55544 2544
55560 2549
55576 2545
55593 2548
55609 2541
55625 2540
55642 2537
55658 2537
55674 2532
55691 2534
55707 2530
55723 2534
55740 2535
55756 2533
55772 2534
55788 2538
55805 2530
55821 2526
55837 2518
55854 2515
55870 2520
55886 2521
55903 2524
55919 2548
55935 2548
55952 0
55968 0
55985 0
56002 0
56018 0
56035 0
56051 0
56067 0
56084 0
56100 0
56116 0
56133 0
56149 0
56165 0
56182 0
56198 0
56214 0
56231 0
56247 0
56263 0
56280 0
56296 0
56312 0
56329 0
56345 0
56361 0
56378 0
56394 0
56410 0
56426 0
56443 0
56459 0
56475 0
56492 0
56508 0
56524 0
56541 0
56557 0
56573 0
56590 0
56606 0
56622 0
56639 0
56655 0
56671 0
56688 0
56704 0
56720 0
56737 0
56753 0
56769 0
56786 0
56802 0
56818 0
56835 0
56851 0
56867 0
56883 0
56900 0
56916 0
56932 0
56949 2523
56965 2519
56981 2549
56999 2544
57015 2541
57032 2536
57048 2522
57065 2524
57081 2520
57097 2528
57114 2523
57130 2524
57146 2537
57163 2543
57179 2544
57195 2540
57212 2538
57228 2519
57244 2511
57261 2513
57277 2518
57293 2519
57309 2522
57326 2545
57342 2548
57358 2539
57375 2535
57391 2538
57407 2516
57424 2513
57440 2520
57456 2511
57473 2523
57489 2523
57505 2523
57522 2544
57538 2548
57554 2538
57571 2540
57587 2539
57603 2505
57620 2513
57636 2512
57652 2516
57669 2524
57685 2536
57701 2551
57718 2546
57734 2539
57750 2547
57766 2534
57783 2522
57799 2520
57815 2519
57832 2520
57848 2521
57864 2527
57881 2546
57897 2550
57913 2540
57930 2542
57946 2529
57962 2523
57979 2515
57996 2516
58012 2523
58029 2533
58045 2549
58061 2547
58078 2540
58094 2539
58110 2538
58127 2513
58143 2518
58159 2513
58175 2532
58192 2524
58208 2530
58224 2529
58241 2529
58257 2525
58273 2528
58290 2516
58306 2530
58322 2528
58339 2527
58355 2527
58371 2529
58388 2523
58404 2525
58420 2507
58437 2526
58453 2527
58469 2532
58486 2529
58502 2529
58518 2525
58535 2531
58551 2526
58567 2525
58584 2530
58600 2522
58616 2525
58632 2529
58649 2525
58665 2528
58681 2525
58698 2521
58714 2528
58730 2528
58747 2526
58763 2530
58779 2519
58796 2527
58812 2527
58828 2526
58845 2525
58861 2528
58877 2524
58894 2529
58910 2525
58926 2528
58943 2525
58959 2522
58975 2522
58993 2528
59009 2531
59026 2529
59042 2526
59058 2524
59075 2526
59091 2524
59107 2544
59124 2537
59140 2526
59156 2522
59173 2529
59189 2529
59205 2525
59222 2527
59238 2528
59254 2526
59270 2536
59287 2530
59303 2535
59319 2534
59336 2530
59352 2531
59368 2538
59385 2510
59401 2511
59417 2511
59434 2513
59450 2521
59466 2522
59483 2544
59499 2548
59515 2541
59532 2540
59548 2538
59564 2532
59581 2533
59597 2533
59613 2533
59630 2532
59646 2528
59662 2534
59679 2530
59695 2533
59711 2537
59727 2534
59744 2532
59760 2515
59776 2504
59793 2517
59809 2515
59825 2523
59842 2544
59858 2546
59874 2539
59891 2557
59907 2538
59923 2537
59940 2543
59956 2533
59972 2533
59990 2531
60006 2536
60023 2533
60039 2529
60055 2534
60072 2534
60088 2518
60104 2517
60121 2509
60137 2519
60153 2521
60170 2523
60186 2548
60202 2539
60219 2542
60235 2543
60251 2536
60268 2538
60284 2535
60300 2536
60317 2535
60333 2537
60349 2532
60365 2538
60382 2526
60398 2535
60414 2530
60431 2505
60447 2530
60463 2513
60480 2517
60496 2518
60512 2515
60529 2522
60545 2536
60561 2544
60578 2542
60594 2544
60610 2539
60627 2541
60643 2536
60659 2544
60676 2537
60692 2534
60708 2534
60725 2535
60741 2532
60757 2537
60774 2534
60790 2527
60806 2533
60822 2520
60839 2511
60855 2513
60871 2517
60888 2520
60904 2522
60920 2546
60937 2550
60953 2546
60969 2537
60987 2536
61003 0
61020 0
61036 0
61052 0
61069 0
61085 0
61101 0
61118 0
61134 0
61150 0
61167 0
61183 0
61199 0
61216 0
61232 0
61248 0
61265 0
61281 0
61297 0
61314 0
61330 0
61346 0
61363 0
61379 0
61395 0
61412 0
61428 0
61444 0
61460 0
61477 0
61493 0
61509 0
61526 0
61542 0
61558 0
61575 0
61591 0
61607 0
61624 0
61640 0
61656 0
61673 0
61689 0
61705 0
61722 0
61738 0
61754 0
61771 0
61787 0
61803 0
61820 0
61836 0
61852 0
61869 0
61885 0
61901 0
61917 0
61934 0
61950 0
61966 0
61984 0
62000 2542
62017 2542
62033 2545
62049 2542
62066 2538
62082 2534
62098 2538
62115 2533
62131 2532
62147 2535
62164 2534
62180 2531
62196 2528
62213 2536
62229 2526
62245 2511
62262 2516
62278 2514
62294 2520
62311 2520
62327 2542
62343 2545
62360 2537
62376 2537
62392 2547
62409 2537
62425 2537
62441 2538
62457 2529
62474 2529
62490 2531
62506 2536
62523 2554
62539 2533
62555 2538
62572 2534
62588 2532
62604 2514
62621 2512
62637 2510
62653 2528
62670 2526
62686 2525
62702 2546
62719 2546
62735 2545
62751 2538
62768 2535
62784 2540
62800 2536
62817 2535
62833 2533
62849 2532
62866 2534
62882 2538
62898 2531
62914 2495
62931 2534
62947 2536
62963 2539
62980 2512
62997 2519
63014 2522
63030 2535
63046 2551
63063 2548
63079 2539
63095 2541
63112 2536
63128 2536
63144 2538
63160 2531
63177 2531
63193 2535
63209 2537
63226 2532
63242 2529
63258 2527
63275 2536
63291 2538
63307 2518
63324 2522
63340 2511
63356 2507
63373 2518
63389 2523
63405 2546
63422 2545
63438 2547
63454 2548
63471 2539
63487 2537
63503 2536
63520 2534
63536 2528
63552 2529
63569 2534
63585 2535
63601 2527
63617 2533
63634 2534
63650 2531
63666 2531
63683 2518
63699 2513
63715 2516
63732 2517
63748 2523
63764 2527
63781 2544
63797 2548
63813 2547
63830 2542
63846 2539
63862 2540
63879 2536
63895 2535
63911 2537
63928 2530
63944 2525
63960 2533
63977 2533
63994 2532
64010 2527
64027 2515
64043 2513
64060 2522
64076 2522
64092 2520
64109 2542
64125 2548
64141 2543
64158 2544
64174 2538
64190 2539
64207 2537
64223 2533
64239 2530
64255 2534
64272 2534
64288 2536
64304 2534
64321 2532
64337 2534
64353 2534
64370 2531
64386 2519
64402 2511
64419 2479
64435 2519
64451 2520
64468 2519
64484 2547
64500 2548
64517 2551
64533 2540
64549 2540
64566 2535
64582 2539
64598 2521
64615 2531
64631 2528
64647 2528
64664 2528
64680 2533
64696 2532
64712 2533
64729 2527
64745 2536
64761 2513
64778 2513
64794 2517
64810 2533
64827 2520
64843 2542
64859 2544
64876 2547
64892 2542
64908 2535
64925 2532
64941 2534
64957 2528
64974 2533
64991 2530
65007 2527
65024 2531
65040 2526
65057 2533
65073 2535
65089 2517
65106 2513
65122 2513
65138 2522
65155 2520
65171 2521
65187 2546
65204 2542
65220 2549
65236 2540
65253 2538
65269 2535
65285 2535
65302 2531
65318 2523
65334 2535
65350 2537
65367 2533
65383 2532
65399 2531
65416 2531
65432 2526
65448 2529
65465 2514
65481 2510
65497 2503
65514 2518
65530 2515
65546 2534
65563 2549
65579 2545
65595 2542
65612 2540
65628 2531
65644 2539
65661 2529
65677 2524
65693 2533
65710 2532
65726 2535
65742 2538
65759 2503
65775 2533
65791 2529
65807 2532
65824 2514
65840 2510
65856 2509
65873 2520
65889 2516
65905 2519
65922 2542
65938 2545
65954 2542
65971 2541
65988 2536
66004 2532
66021 2526
66037 0
66054 0
66070 0
66086 0
66103 0
66119 0
66135 0
66152 0
66168 0
66184 0
66201 0
66217 0
66233 0
66250 0
66266 0
66282 0
66299 0
66315 0
66331 0
66348 0
66364 0
66380 0
66397 0
66413 0
66429 0
66445 0
66462 0
66478 0
66494 0
66511 0
66527 0
66543 0
66560 0
66576 0
66592 0
66609 0
66625 0
66641 0
66658 0
66674 0
66690 0
66707 0
66723 0
66739 0
66756 0
66772 0
66788 0
66805 0
66821 0
66837 0
66854 0
66870 0
66886 0
66902 0
66919 0
66935 0
66951 0
66968 0
