2 261
55 276
71 270
88 274
104 274
120 273
137 279
153 287
169 287
186 294
202 293
218 295
235 302
251 304
267 309
284 320
300 316
316 321
333 324
349 331
365 337
382 341
398 349
414 356
431 363
447 372
463 373
480 381
496 387
512 387
528 401
545 406
561 414
577 426
594 432
610 443
626 448
643 459
659 466
675 474
692 475
708 491
724 492
741 515
757 521
773 530
791 546
807 560
823 569
840 577
856 600
872 596
889 608
905 613
921 633
938 647
954 658
970 683
987 682
1003 689
1019 703
1036 707
1052 729
1068 745
1085 761
1101 772
1117 788
1134 803
1150 815
1166 831
1183 851
1199 829
1215 875
1231 889
1248 905
1264 913
1280 928
1297 944
1313 967
1329 981
1346 998
1362 1011
1378 1025
1395 1038
1411 1057
1427 1072
1444 1091
1460 1106
1476 1125
1493 1146
1509 1157
1525 1169
1542 1193
1558 1207
1574 1225
1591 1240
1607 1265
1623 1271
1640 1288
1656 1308
1672 1330
1688 1347
1705 1365
1721 1379
1737 1396
1754 1418
1770 1420
1786 1441
1803 1465
1819 1487
1836 1505
1852 1528
1869 1539
1885 1561
1901 1591
1918 1595
1934 1612
1950 1630
1967 1641
1983 1668
1999 1682
2016 1703
2032 1717
2048 1745
2064 1760
2081 1780
2097 1794
2113 1789
2130 1825
2146 1850
2162 1873
2179 1895
2195 1920
2211 1932
2228 1949
2244 1978
2260 1982
2277 2004
2293 2023
2309 2043
2326 2057
2342 2077
2358 2091
2375 2110
2391 2132
2407 2148
2424 2165
2440 2185
2456 2199
2473 2221
2489 2233
2505 2247
2521 2268
2538 2290
2554 2306
2570 2322
2587 2342
2603 2354
2619 2371
2636 2393
2652 2407
2668 2425
2685 2441
2701 2458
2717 2476
2734 2493
2750 2509
2766 2528
2783 2546
2800 2559
2816 2571
2833 2590
2849 2609
2865 2621
2882 2637
2898 2650
2914 2668
2931 2759
2947 2702
2963 2708
2980 2737
2996 2747
3012 2757
3029 2771
3045 2782
3061 2793
3078 2808
3094 2833
3110 2847
3127 2862
3143 2871
3159 2885
3175 2897
3192 2912
3208 2917
3224 2937
3241 2948
3257 2961
3273 2973
3290 2984
3306 3004
3322 3019
3339 3021
3355 3034
3371 3041
3388 3052
3404 3064
3420 3076
3437 3084
3453 3097
3469 3103
3486 3094
3502 3125
3518 3136
3535 3142
3551 3159
3567 3163
3584 3168
3600 3176
3616 3186
3632 3195
3649 3202
3665 3227
3681 3225
3698 3227
3714 3251
3730 3237
3747 3246
3763 3252
3779 3263
3797 3265
3813 3272
3829 3282
3846 3281
3862 3291
3878 3299
3895 3298
3911 3300
3927 3302
3944 3312
3960 3309
3976 3322
3993 3324
4009 3338
4025 3330
4042 3337
4058 3339
4074 3322
4091 3350
4107 3348
4123 3348
4140 3349
4156 3355
4172 3356
4189 3360
4205 3364
4221 3364
4238 3365
4254 3363
4270 3364
4286 3354
4303 3354
4319 3351
4335 3341
4352 3334
4368 3329
4384 3323
4401 3317
4417 3303
4433 3303
4450 3276
4466 3263
4482 3247
4499 3231
4515 3209
4531 3197
4548 3180
4564 3173
4580 3134
4597 3113
4613 3091
4629 3069
4646 3041
4662 3014
4678 2983
4695 2957
4711 2927
4727 2900
4743 2875
4760 2842
4776 2802
4794 2767
4810 2732
4826 2696
4843 2661
4859 2625
4875 2589
4892 2551
4908 2511
4924 2474
4940 2432
4957 2391
4973 2350
4989 2308
5006 2266
5022 2231
5038 2188
5055 2151
5071 2107
5087 2072
5104 2021
5120 1982
5136 1935
5153 1897
5169 1851
5185 1808
5202 1759
5218 1695
5234 1672
5251 1636
5267 1589
5283 1546
5300 1506
5316 1465
5332 1424
5349 1384
5365 1335
5381 1299
5397 1252
5414 1219
5430 1185
5446 1145
5463 1109
5479 1070
5495 1028
5512 987
5528 955
5544 922
5561 889
5577 855
5593 817
5610 786
5626 752
5642 725
5659 693
5675 666
5691 635
5708 608
5724 580
5740 549
5757 528
5773 510
5791 488
5807 466
5824 444
5840 428
5856 405
5873 393
5889 375
5905 359
5922 345
5938 334
5954 324
5970 309
5987 304
6003 293
6019 289
6036 281
6052 277
6068 261
6085 261
6101 259
6117 262
6134 266
6150 281
6166 275
6183 273
6199 274
6215 278
6232 279
6248 285
6264 286
6281 288
6297 293
6313 295
6330 301
6346 305
6362 306
6379 314
6395 315
6411 319
6427 319
6444 330
6460 360
6476 340
6493 349
6509 351
6525 366
6542 373
6558 372
6574 378
6591 384
6607 393
6623 400
6640 409
6656 415
6672 422
6689 433
6705 440
6721 450
6738 456
6754 464
6770 475
6787 476
6804 488
6820 504
6837 509
6853 522
6869 532
6886 546
6902 555
6918 561
6935 570
6951 582
6967 592
6984 606
7000 621
7016 634
7033 641
7049 659
7065 665
7082 681
7098 693
7114 705
7131 716
7147 725
7163 737
7180 758
7196 771
7212 787
7228 808
7245 821
7261 826
7277 840
7294 857
7310 878
7326 886
7343 905
7359 915
7375 937
7392 952
7408 964
7424 979
7441 994
7457 1005
7473 1028
7490 1041
7506 1054
7522 1069
7539 1088
7555 1099
7571 1123
7588 1140
7604 1164
7620 1172
7637 1187
7653 1209
7669 1228
7685 1240
7702 1261
7718 1279
7734 1296
7751 1308
7767 1329
7783 1344
7801 1365
7817 1383
7834 1400
7850 1386
7866 1432
7882 1447
7899 1467
7915 1487
7931 1505
7948 1529
7964 1544
7980 1558
7997 1579
8013 1596
8029 1617
8046 1634
8062 1671
8078 1671
8095 1688
8111 1711
8127 1731
8144 1746
8160 1763
8176 1779
8193 1799
8209 1819
8225 1837
8242 1850
8258 1875
8274 1890
8291 1909
8307 1940
8323 1955
8339 1970
8356 1992
8372 2005
8388 2028
8405 2044
8421 2064
8437 2080
8454 2098
8470 2111
8486 2134
8503 2152
8519 2169
8535 2190
8552 2204
8568 2216
8584 2238
8601 2258
8617 2278
8633 2290
8650 2307
8666 2326
8682 2335
8699 2360
8715 2378
8731 2389
8748 2412
8764 2428
8780 2449
8798 2464
8814 2479
8830 2495
8847 2518
8863 2532
8879 2549
8896 2560
8912 2577
8928 2595
8945 2613
8961 2627
8977 2642
8993 2657
9010 2672
9026 2688
9042 2706
9059 2719
9075 2734
9091 2749
9108 2764
9124 2778
9140 2795
9157 2807
9173 2821
9189 2834
9206 2849
9222 2863
9238 2880
9255 2885
9271 2902
9287 2915
9304 2929
9320 2943
9336 2955
9353 2965
9369 2975
9385 2986
9402 3003
9418 3012
9434 3021
9450 3034
9467 3047
9483 3108
9499 3072
9516 3080
9532 3090
9548 3099
9565 3111
9581 3121
9597 3134
9614 3139
9630 3149
9646 3157
9663 3169
9679 3172
9695 3184
9712 3200
9728 3199
9744 3208
9761 3226
9777 3224
9794 3228
9811 3236
9827 3247
9843 3263
9860 3256
9876 3261
9892 3271
9909 3273
9925 3283
9941 3288
9958 3291
9974 3291
9990 3301
10007 3306
10023 3306
10039 3308
10056 3304
10072 3322
10088 3326
10104 3335
10121 3338
10137 3336
10153 3339
10170 3344
10186 3342
10202 3350
10219 3350
10235 3347
10251 3356
10268 3359
10284 3360
10300 3360
10317 3362
10333 3362
10349 3367
10366 3366
10382 3351
10398 3344
10415 3346
10431 3338
10447 3334
10464 3325
10480 3321
10496 3304
10513 3304
10529 3286
10545 3272
10561 3250
10578 3242
10594 3222
10610 3202
10627 3157
10643 3172
10659 3144
10676 3124
10692 3139
10708 3081
10725 3052
10741 3025
10757 2992
10774 2967
10791 2938
10807 2918
10824 2881
10840 2849
10857 2815
10873 2778
10889 2743
10906 2708
10922 2670
10938 2637
10955 2606
10971 2560
10987 2528
11004 2489
11020 2454
11036 2409
11053 2368
11069 2328
11085 2279
11102 2246
11118 2208
11134 2164
11151 2121
11167 2079
11183 2047
11199 1999
11216 1955
11232 1910
11248 1866
11265 1824
11281 1785
11297 1736
11314 1692
11330 1648
11346 1605
11363 1564
11379 1524
11395 1484
11412 1439
11428 1396
11444 1360
11461 1310
11477 1274
11493 1234
11510 1192
11526 1160
11542 1130
11559 1085
11575 1044
11591 1005
11608 974
11624 931
11640 895
11656 865
11673 830
11689 798
11705 768
11722 736
11738 708
11754 673
11771 645
11787 615
11805 586
11821 564
11837 544
11854 517
11870 501
11887 472
11903 454
11919 433
11936 417
11952 397
11968 381
11985 363
12001 350
12017 339
12034 326
12050 319
12066 305
12083 301
12099 284
12115 282
12132 275
12148 256
12164 323
12181 232
12197 258
12213 262
12229 265
12246 271
12262 270
12278 356
12295 274
12311 277
12327 284
12344 278
12360 284
12376 295
12393 294
12409 302
12425 304
12442 308
12458 312
12474 314
12491 318
12507 326
12523 322
12540 332
12556 334
12572 348
12589 358
12605 368
12621 364
12638 367
12654 378
12670 384
12686 390
12703 404
12719 402
12735 414
12752 420
12768 430
12784 437
12802 446
12819 454
12835 457
12851 461
12867 478
12884 486
12900 512
12916 505
12933 513
12949 536
12965 536
12982 551
12998 555
13014 569
13031 565
13047 593
13063 602
13080 612
13096 622
13112 640
13129 650
13145 663
13161 674
13178 684
13194 699
13210 710
13227 714
13243 735
13259 747
13276 764
13292 777
13308 798
13324 806
13341 821
13357 837
13373 852
13390 866
13406 875
13422 894
13439 910
13455 922
13471 943
13488 956
13504 972
13520 985
13537 1004
13553 1014
13569 1032
13586 1045
13602 1063
13618 1077
13635 1098
13651 1111
13667 1127
13684 1153
13700 1165
13716 1183
13733 1197
13749 1219
13765 1233
13781 1250
13799 1269
13815 1284
13832 1300
13848 1325
13864 1339
13881 1352
13897 1375
13913 1390
13930 1406
13946 1421
13962 1441
13978 1461
13995 1480
14011 1495
14027 1521
14044 1533
14060 1538
14076 1567
14093 1587
14109 1599
14125 1621
14142 1645
14158 1660
14174 1676
14191 1694
14207 1718
14223 1738
14240 1754
14256 1770
14272 1789
14289 1812
14305 1820
14321 1847
14338 1861
14354 1883
14370 1910
14387 1924
14403 1941
14419 1957
14435 1976
14452 2002
14468 2018
14484 2035
14501 2051
14517 2050
14533 2091
14550 2106
14566 2126
14582 2141
14599 2161
14615 2180
14631 2194
14648 2195
14664 2226
14680 2245
14697 2262
14713 2282
14729 2296
14746 2317
14762 2342
14778 2354
14796 2366
14812 2389
14828 2412
14845 2422
14861 2436
14877 2458
14894 2473
14910 2490
14926 2507
14943 2522
14959 2538
14975 2555
14992 2573
15008 2585
15024 2597
15041 2619
15057 2635
15073 2654
15089 2662
15106 2685
15122 2698
15138 2713
15155 2725
15171 2745
15187 2755
15204 2773
15220 2783
15236 2803
15253 2811
15269 2849
15285 2846
15302 2859
15318 2854
15334 2885
15351 2900
15367 2913
15383 2914
15400 2932
15416 2948
15432 2961
15449 2974
15465 2985
15481 2999
15498 3014
15514 3021
15530 3036
15546 3041
15563 3070
15579 3065
15595 3081
15612 3085
15628 3094
15644 3107
15661 3119
15677 3126
15693 3138
15710 3144
15726 3155
15742 3163
15759 3169
15775 3173
15792 3191
15809 3197
15825 3210
15841 3210
15858 3224
15874 3237
15890 3238
15907 3236
15923 3247
15939 3255
15956 3267
15972 3268
15988 3276
16005 3281
16021 3285
16037 3290
16054 3297
16070 3299
16086 3310
16103 3304
16119 3312
16135 3314
16152 3322
16168 3325
16184 3339
16200 3329
16217 3320
16233 3338
16249 3343
16266 3343
16282 3348
16298 3351
16315 3350
16331 3353
16347 3372
16364 3358
16380 3362
16396 3363
16413 3361
16429 3361
16445 3364
16462 3349
16478 3351
16494 3348
16511 3337
16527 3335
16543 3329
16560 3326
16576 3313
16592 3298
16609 3294
16625 3274
16641 3259
16657 3239
16674 3231
16690 3214
16706 3193
16723 3173
16739 3155
16755 3134
16772 3110
16788 3086
16806 3054
16822 3034
16838 3004
16855 2980
16871 2948
16887 2923
16903 2894
16920 2862
16936 2828
16952 2796
16969 2762
16985 2727
17001 2690
17018 2652
17034 2585
17050 2584
17067 2540
17083 2504
17099 2467
17116 2427
17132 2389
17148 2340
17165 2295
17181 2262
17197 2223
17214 2180
17230 2137
17246 2099
17263 2069
17279 2021
17295 1969
17312 1932
17328 1889
17344 1843
17360 1795
17377 1757
17393 1713
17409 1670
17426 1624
17442 1584
17458 1539
17475 1500
17491 1457
17507 1413
17524 1375
17540 1330
17556 1289
17573 1249
17589 1219
17605 1175
17622 1134
17638 1102
17654 1062
17671 1024
17687 985
17703 951
17720 936
17736 869
17752 845
17769 813
17785 783
17802 748
17819 717
17835 684
17851 654
17868 628
17884 596
17900 576
17917 546
17933 527
17949 503
17966 484
17982 462
17998 444
18014 424
18031 406
18047 392
18063 373
18080 358
18096 346
18112 332
18129 317
18145 310
18161 305
18178 291
18194 287
18210 278
18227 272
18243 266
18259 262
18276 258
18292 266
18308 262
18325 267
18341 277
18357 275
18374 276
18390 282
18406 280
18423 284
18439 285
18455 294
18471 296
18488 291
18504 300
18520 307
18537 309
18553 311
18569 314
18586 325
18602 329
18618 323
18635 309
18651 342
18667 348
18684 354
18700 356
18716 374
18733 373
18749 388
18765 384
18782 394
18799 401
18815 407
18832 414
18848 426
18864 430
18881 440
18897 449
18913 461
18930 469
18946 468
18962 476
18979 489
18995 505
19011 512
19028 517
19044 532
19060 549
19077 559
19093 559
19109 575
19125 585
19142 602
19158 609
19174 617
19191 630
19207 647
19223 655
19240 669
19256 679
19272 694
19289 708
19305 719
19321 730
19338 738
19354 756
19370 771
19387 784
19403 799
19419 825
19436 836
19452 841
19468 860
19485 867
19501 890
19517 900
19534 912
19550 934
19566 951
19582 964
19599 979
19615 996
19631 1016
19648 1026
19664 1043
19680 1059
19697 1069
19713 1085
19729 1108
19746 1136
19762 1137
19778 1156
19796 1176
19812 1195
19828 1214
19845 1226
19861 1243
19877 1261
19894 1277
19910 1297
19926 1315
19943 1330
19959 1350
19975 1365
19992 1381
20008 1469
20024 1417
20041 1426
20057 1447
20073 1462
20090 1488
20106 1505
20122 1526
20139 1530
20155 1565
20171 1578
20188 1598
20204 1616
20220 1636
20236 1652
20253 1668
20269 1686
20285 1707
20302 1730
20318 1747
20334 1760
20351 1780
20367 1789
20383 1824
20400 1836
20416 1851
20432 1878
20449 1898
20465 1908
20481 1929
20498 1961
20514 1976
20530 1987
20547 2007
20563 2043
20579 2044
20596 2061
20612 2080
20628 2099
20645 2121
20661 2132
20677 2152
20693 2181
20710 2188
20726 2198
20742 2220
20759 2239
20775 2258
20793 2270
20809 2293
20825 2309
20842 2334
20858 2348
20874 2364
20890 2378
20907 2398
20923 2410
20939 2433
20956 2475
20972 2467
20988 2479
21005 2498
21021 2514
21037 2532
21054 2546
21070 2562
21086 2575
21103 2597
21119 2598
21135 2619
21152 2641
21168 2660
21184 2668
21201 2686
21217 2707
21233 2712
21250 2731
21266 2750
21282 2762
21299 2780
21315 2791
21331 2806
21347 2824
21364 2835
21380 2846
21396 2865
21413 2877
21429 2892
21445 2902
21462 2912
21478 2928
21494 2937
21511 2952
21527 2966
21543 2978
21560 2992
21576 3010
21592 3017
21609 3024
21625 3041
21641 3046
21658 3059
21674 3087
21690 3085
21707 3089
21723 3098
21739 3112
21756 3122
21772 3125
21788 3140
21806 3151
21822 3145
21839 3166
21855 3176
21872 3182
21888 3190
21904 3199
21920 3212
21937 3219
21953 3217
21969 3229
21986 3237
22002 3246
22018 3248
22035 3235
22051 3266
22067 3273
22084 3275
22100 3282
22116 3286
22133 3292
22149 3295
22165 3298
22182 3306
22198 3308
22214 3313
22231 3317
22247 3322
22263 3328
22280 3332
22296 3299
22312 3333
22329 3345
22345 3338
22361 3346
22377 3349
22394 3355
22410 3351
22426 3356
22443 3358
22459 3359
22475 3357
22492 3368
22508 3366
22524 3367
22541 3362
22557 3350
22573 3350
22590 3356
22606 3336
22622 3334
22639 3316
22655 3325
22671 3308
22688 3294
22704 3286
22720 3272
22737 3255
22753 3243
22769 3224
22786 3207
22802 3186
22819 3170
22835 3150
22852 3123
22868 3104
22885 3078
22901 3042
22917 3020
22934 3000
22950 2973
22966 2943
22983 2907
22999 2889
23015 2851
23032 2813
23048 2782
23064 2747
23080 2715
23097 2680
23113 2643
23129 2607
23146 2571
23162 2530
23178 2491
23195 2456
23211 2414
23227 2377
23244 2337
23260 2294
23276 2250
23293 2211
23309 2170
23325 2133
23342 2089
23358 2056
23374 2001
23391 1962
23407 1918
23423 1874
23440 1831
23456 1787
23472 1746
23489 1700
23505 1654
23521 1614
23537 1572
23554 1528
23570 1487
23586 1447
23603 1405
23619 1364
23635 1314
23652 1288
23668 1247
23684 1204
23701 1160
23717 1126
23733 1091
23750 1050
23766 1012
23782 979
23800 937
23816 901
23832 870
23849 835
23865 799
23881 775
23898 752
23914 709
23930 677
23947 650
23963 624
23979 583
23996 564
24012 543
24028 518
24045 499
24061 472
24077 464
24094 437
24110 419
24126 395
24143 386
24159 369
24175 353
24191 339
24208 331
24224 318
24240 309
24257 294
24273 293
24289 283
24306 280
24322 275
24338 263
24355 254
24371 262
24387 261
24404 266
24420 280
24436 276
24453 277
24469 279
24485 276
24502 281
24518 284
24534 287
24551 290
24567 293
24583 296
24600 303
24616 298
24632 307
24648 313
24665 313
24681 322
24697 327
24714 328
24730 335
24746 335
24763 351
24779 356
24797 363
24813 370
24829 379
24845 384
24862 387
24878 401
24894 404
24911 411
24927 419
24943 427
24960 436
24976 440
24992 453
25009 438
25025 471
25041 477
25058 482
25074 494
25090 501
25107 514
25123 523
25139 535
25156 546
25172 550
25188 568
25205 574
25221 587
25237 597
25254 612
25270 623
25286 634
25302 642
25319 660
25335 670
25351 684
25368 693
25384 710
25400 722
25417 733
25433 756
25449 764
25466 776
25482 789
25498 802
25515 818
25531 832
25547 845
25564 876
25580 879
25596 890
25613 907
25629 922
25645 941
25662 948
25678 971
25694 982
25711 1001
25727 1012
25743 1029
25759 1046
25776 1062
25793 1076
25810 1097
25826 1113
25842 1128
25859 1147
25875 1161
25891 1176
25908 1195
25924 1212
25940 1231
25956 1238
25973 1266
25989 1288
26005 1298
26022 1313
26038 1336
26054 1353
26071 1372
26087 1376
26103 1407
26120 1421
26136 1435
26152 1455
26169 1471
26185 1491
26201 1509
26218 1524
26234 1556
26250 1564
26267 1579
26283 1600
26299 1623
26316 1634
26332 1658
26348 1675
26365 1697
26381 1710
26397 1730
26413 1752
26430 1772
26446 1784
26462 1806
26479 1827
26495 1844
26511 1852
26528 1882
26544 1892
26560 1920
26577 1937
26593 1969
26609 1980
26626 1994
26642 2014
26658 2024
26675 2048
26691 2069
26707 2087
26724 2106
26740 2116
26756 2138
26773 2164
26791 2175
26808 2198
26824 2207
26841 2226
26857 2250
26874 2265
26890 2291
26906 2304
26923 2321
26939 2335
26955 2352
26972 2327
26988 2387
27004 2400
27021 2419
27037 2440
27053 2458
27069 2470
27086 2492
27102 2504
27118 2522
27135 2538
27151 2560
27167 2574
27184 2584
27200 2603
27216 2622
27233 2648
27249 2650
27265 2670
27282 2682
27298 2695
27314 2709
27331 2731
27347 2741
27363 2755
27380 2772
27396 2788
27412 2804
27429 2813
27445 2832
27461 2848
27478 2858
27494 2866
27510 2890
27526 2895
27543 2900
27559 2920
27575 2934
27592 2942
27608 2959
27624 2970
27641 2994
27657 2999
27673 3008
27690 3024
27706 3033
27722 3041
27739 3056
27755 3068
27771 3093
27788 3087
27805 3099
27822 3163
27838 3119
27855 3128
27871 3136
27887 3142
27904 3156
27920 3165
27936 3168
27953 3182
27969 3193
27985 3199
28001 3204
28018 3214
28034 3219
28050 3228
28067 3229
28083 3240
28099 3250
28116 3254
28132 3262
28148 3272
28165 3252
28181 3280
28197 3287
28214 3291
28230 3294
28246 3293
28263 3300
28279 3310
28295 3316
28312 3318
28328 3332
28344 3326
28361 3328
28377 3337
28393 3338
28410 3341
28426 3341
28442 3347
28458 3345
28475 3348
28491 3349
28507 3356
28524 3355
28540 3360
28556 3363
28573 3367
28589 3361
28605 3359
28622 3362
28638 3357
28654 3352
28671 3353
28687 3343
28703 3336
28720 3325
28736 3322
28752 3309
28769 3302
28785 3286
28802 3273
28819 3257
28835 3247
28852 3228
28868 3208
28885 3191
28901 3174
28917 3149
28934 3120
28950 3101
28966 3073
28983 3064
28999 3033
29015 3011
29032 2982
29048 2946
29064 2917
29080 2887
29097 2858
29113 2819
29129 2799
29146 2752
29162 2718
29178 2683
29195 2649
29211 2611
29227 2577
29244 2535
29260 2500
29276 2458
29293 2423
29309 2374
29325 2336
29342 2296
29358 2252
29374 2216
29391 2180
29407 2139
29423 2097
29440 2051
29456 2011
29472 1970
29489 1926
29505 1875
29521 1838
29537 1843
29554 1750
29570 1705
29586 1666
29603 1615
29619 1575
29635 1530
29652 1493
29668 1447
29684 1406
29701 1377
29717 1329
29733 1288
29750 1249
29766 1214
29782 1171
29800 1129
29816 1090
29832 1046
29849 1015
29865 980
29881 941
29898 896
29914 873
29930 838
29947 803
29963 773
29979 744
29996 685
30012 683
30028 647
30045 629
30061 594
30077 573
30094 547
30110 531
30126 520
30143 483
30159 453
30175 441
30191 419
30208 405
30224 382
30240 379
30257 354
30273 343
30289 329
30306 319
30322 309
30338 301
30355 295
30371 285
30387 270
30404 268
30420 263
30436 264
30453 259
30469 266
30485 271
30502 268
30518 270
30534 274
30551 275
30567 279
30583 275
30600 285
30616 287
30632 288
30648 290
30665 303
30681 301
30697 307
30714 310
30730 312
30746 311
30763 315
30779 324
30797 331
30813 346
30829 350
30845 345
30862 360
30878 364
30894 368
30911 370
30927 385
30943 391
30960 393
30976 401
30992 410
31009 418
31025 424
31041 432
31058 439
31074 449
31090 460
31107 463
31123 474
31139 475
31156 496
31172 502
31188 518
31205 525
31221 535
31237 540
31254 554
31270 567
31286 577
31302 585
31319 599
31335 602
31351 620
31368 629
31384 646
31400 656
31417 669
31433 677
31449 692
31466 696
31482 716
31498 731
31515 743
31531 757
31547 774
31564 779
31580 800
31596 816
31613 831
31629 844
31645 857
31662 872
31678 888
31694 900
31711 916
31727 933
31743 943
31759 961
31776 981
31793 989
31810 1001
31826 1022
31842 1039
31859 1055
31875 1071
31891 1090
31908 1111
31924 1123
31940 1144
31956 1142
31973 1173
31989 1190
32005 1211
32022 1222
32038 1242
32054 1258
32071 1277
32087 1293
32103 1312
32120 1327
32136 1343
32152 1362
32169 1377
32185 1393
32201 1390
32218 1434
32234 1449
32250 1465
32267 1494
32283 1499
32299 1519
32316 1542
32332 1559
32348 1569
32365 1588
32381 1612
32397 1627
32413 1643
32430 1673
32446 1685
32462 1702
32479 1721
32495 1744
32511 1757
32528 1778
32544 1784
32560 1869
32577 1832
32593 1854
32609 1890
32626 1889
32642 1915
32658 1928
32675 1949
32691 1964
32707 1984
32724 2004
32740 2018
32756 2036
32773 2064
32791 2079
32808 2098
32824 2112
32841 2130
32857 2146
32874 2160
32890 2190
32906 2208
32923 2223
32939 2243
32955 2256
32972 2275
32988 2291
33004 2307
33021 2327
33037 2339
33053 2360
33069 2376
33086 2392
33102 2408
33118 2431
33135 2442
33151 2462
33167 2473
33184 2501
33200 2509
33216 2524
33233 2554
33249 2558
33265 2577
33282 2602
33298 2612
33314 2626
33331 2643
33347 2660
33363 2670
33380 2688
33396 2703
33412 2715
33429 2737
33445 2745
33461 2765
33478 2776
33494 2789
33510 2793
33526 2818
33543 2834
33559 2851
33575 2859
33592 2869
33608 2888
33624 2903
33641 2931
33657 2927
33673 2951
33690 2947
33706 2972
33722 2980
33739 2994
33755 3002
33771 3027
33788 3023
33805 3040
33822 2998
33838 3060
33855 3075
33871 3086
33887 3094
33904 3097
33920 3109
33936 3119
33953 3129
33969 3140
33985 3146
34001 3163
34018 3170
34034 3168
34050 3188
34067 3194
34083 3202
34099 3206
34116 3217
34132 3224
34148 3231
34165 3215
34181 3247
34197 3252
34214 3258
34230 3258
34246 3276
34263 3273
34279 3273
34295 3297
34312 3293
34328 3295
34344 3301
34361 3307
34377 3319
34393 3314
34410 3324
34426 3323
34442 3328
34458 3329
34475 3337
34491 3333
34507 3338
34524 3343
34540 3348
34556 3347
34573 3352
34589 3350
34605 3356
34622 3355
34638 3358
34654 3351
34671 3361
34687 3366
34703 3365
34720 3361
34736 3367
34752 3355
34769 3351
34785 3344
34802 3331
34819 3322
34835 3315
34852 3302
34868 3297
34885 3282
34901 3259
34917 3252
34934 3240
34950 3216
34966 3197
34983 3173
34999 3162
35015 3138
35032 3117
35048 3092
35064 3079
35080 3051
35097 3021
35113 2990
35129 2963
35146 2934
35162 2907
35178 2872
35195 2847
35211 2807
35227 2778
35244 2741
35260 2708
35276 2670
35293 2635
35309 2599
35325 2555
35342 2511
35358 2484
35374 2437
35391 2402
35407 2366
35423 2327
35440 2287
35456 2248
35472 2205
35489 2163
35505 2119
35521 2079
35537 2039
35554 1993
35570 1947
35586 1913
35603 1862
35619 1822
35635 1779
35652 1733
35668 1686
35684 1648
35701 1602
35717 1551
35733 1520
35750 1478
35766 1434
35782 1394
35800 1351
35816 1310
35832 1273
35849 1232
35865 1196
35881 1155
35898 1112
35914 1075
35930 1039
35947 1020
35963 965
35979 933
35996 896
36012 860
36028 822
36045 798
36061 762
36077 736
36094 701
36110 673
36126 635
36143 627
36159 594
36175 560
36191 538
36208 520
36224 489
36240 474
36257 455
36273 430
36289 413
36306 399
36322 381
36338 366
36355 352
36371 341
36387 324
36404 318
36420 295
36436 293
36453 288
36469 284
36485 265
36502 276
36518 268
36534 265
36551 258
36567 268
36583 264
36600 267
36616 268
36632 275
36648 273
36665 275
36681 287
36697 284
36714 287
36730 296
36746 293
36763 295
36779 306
36797 313
36813 310
36829 316
36845 318
36862 331
36878 330
36894 337
36911 340
36927 348
36943 352
36960 355
36976 367
36992 372
37009 373
37025 383
37041 390
37058 397
37074 404
37090 415
37107 420
37123 427
37139 484
37156 445
37172 445
37188 459
37205 470
37221 489
37237 494
37254 499
37270 506
37286 515
37302 528
37319 538
37335 546
37351 560
37368 564
37384 582
37400 590
37417 605
37433 604
37449 628
37466 636
37482 647
37498 654
37515 674
37531 680
37547 697
37564 715
37580 722
37596 741
37613 753
37629 764
37645 776
37662 793
37678 808
37694 818
37711 838
37727 849
37743 865
37759 880
37776 896
37793 904
37810 927
37826 941
37842 945
37859 969
37875 983
37891 999
37908 1020
37924 1033
37940 1056
37956 1070
37973 1084
37989 1097
38005 1116
38022 1134
38038 1146
38054 1163
38071 1182
38087 1193
38103 1214
38120 1234
38136 1250
38152 1267
38169 1290
38185 1300
38201 1318
38218 1328
38234 1352
38250 1372
38267 1389
38283 1410
38299 1427
38316 1444
38332 1459
38348 1475
38365 1495
38381 1513
38397 1531
38413 1546
38430 1572
38446 1587
38462 1602
38479 1622
38495 1641
38511 1657
38528 1682
38544 1703
38560 1715
38577 1732
38593 1749
38609 1728
38626 1791
38642 1811
38658 1817
38675 1851
38691 1867
38707 1885
38724 1902
38740 1923
38756 1941
38773 1955
38791 1977
38808 2003
38824 2018
38841 2041
38857 2061
38874 2073
38890 2091
38906 2110
38923 2128
38939 2142
38955 2162
38972 2187
38988 2196
39004 2214
39021 2237
39037 2258
39053 2270
39069 2286
39086 2302
39102 2317
39118 2346
39135 2354
39151 2373
39167 2390
39184 2423
39200 2428
39216 2442
39233 2456
39249 2468
39265 2487
39282 2508
39298 2525
39314 2542
39331 2555
39347 2575
39363 2586
39380 2609
39396 2620
39412 2634
39429 2656
39445 2667
39461 2681
39478 2702
39494 2712
39510 2726
39526 2745
39543 2758
39559 2771
39575 2790
39592 2802
39608 2815
39624 2828
39641 2845
39657 2857
39673 2874
39690 2883
39706 2907
39722 2911
39739 2926
39755 2937
39771 2954
39788 2963
39805 2977
39822 2990
39838 2997
39855 3013
39871 3024
39887 3035
39904 3045
39920 3059
39936 3066
39953 3068
39969 3082
39985 3102
40001 3105
40018 3118
40034 3136
40050 3141
40067 3146
40083 3156
40099 3160
40116 3174
40132 3182
40148 3191
40165 3199
40181 3208
40197 3211
40214 3223
40230 3229
40246 3235
40263 3236
40279 3252
40295 3254
40312 3267
40328 3264
40344 3271
40361 3277
40377 3284
40393 3285
40410 3304
40426 3301
40442 3308
40458 3312
40475 3316
40491 3318
40507 3319
40524 3327
40540 3329
40556 3333
40573 3338
40589 3335
40605 3342
40622 3344
40638 3349
40654 3346
40671 3352
40687 3346
40703 3356
40720 3350
40736 3362
40752 3360
40769 3363
40785 3370
40802 3361
40819 3360
40835 3351
40852 3347
40868 3344
40885 3331
40901 3329
40917 3318
40934 3310
40950 3293
40966 3287
40983 3263
40999 3258
41015 3237
41032 3221
41048 3198
41064 3191
41080 3169
41097 3145
41113 3140
41129 3110
41146 3076
41162 3058
41178 3035
41195 3003
41211 2974
41227 2947
41244 2916
41260 2891
41276 2854
41293 2822
41309 2789
41325 2756
41342 2714
41358 2685
41374 2647
41391 2607
41407 2572
41423 2549
41440 2498
41456 2457
41472 2430
41489 2383
41505 2338
41521 2299
41537 2259
41554 2219
41570 2179
41586 2135
41603 2091
41619 2056
41635 2007
41652 1962
41668 1927
41684 1881
41701 1837
41717 1795
41733 1745
41750 1705
41766 1661
41782 1616
41800 1572
41816 1535
41832 1458
41849 1450
41865 1417
41881 1367
41898 1325
41914 1291
41930 1243
41947 1209
41963 1171
41979 1126
41996 1089
42012 1055
42028 1016
42045 980
42061 943
42077 906
42094 872
42110 842
42126 801
42143 770
42159 741
42175 710
42191 679
42208 656
42224 625
42240 597
42257 572
42273 548
42289 519
42306 506
42322 480
42338 460
42355 440
42371 420
42387 402
42404 388
42420 371
42436 354
42453 343
42469 329
42485 329
42502 310
42518 298
42534 290
42551 287
42567 280
42583 261
42600 267
42616 261
42632 260
42648 263
42665 265
42681 267
42697 272
42714 273
42730 276
42746 279
42763 284
42779 281
42797 302
42813 290
42829 292
42845 296
42862 301
42878 305
42894 320
42911 314
42927 319
42943 322
42960 327
42976 333
42992 340
43009 340
43025 350
43041 355
43058 357
43074 363
43090 374
43107 380
43123 387
43139 355
43156 403
43172 397
43188 418
43205 420
43221 430
43237 442
43254 448
43270 459
43286 468
43302 472
43319 488
43335 492
43351 503
43368 510
43384 522
43400 532
43417 541
43433 527
43449 563
43466 571
43482 591
43498 597
43515 605
43531 619
43547 624
43564 637
43580 656
43596 663
43613 677
43629 698
43645 709
43662 715
43678 732
43694 738
43711 753
43727 771
43743 782
43759 796
43776 813
43793 826
43810 842
43826 855
43842 869
43859 885
43875 924
43891 907
43908 932
43924 945
43940 957
43956 973
43973 1003
43989 1011
44005 1025
44022 1042
44038 1056
44054 1070
44071 1091
44087 1092
44103 1121
44120 1145
44136 1153
44152 1172
44169 1191
44185 1200
44201 1222
44218 1238
44234 1257
44250 1265
44267 1285
44283 1298
44299 1321
44316 1345
44332 1359
44348 1380
44365 1397
44381 1411
44397 1429
44413 1451
44430 1463
44446 1483
44462 1500
44479 1517
44495 1537
44511 1555
44528 1568
44544 1591
44560 1612
44577 1623
44593 1649
44609 1666
44626 1675
44642 1701
44658 1722
44675 1737
44691 1768
44707 1792
44724 1797
44740 1816
44756 1833
44773 1853
44791 1870
44808 1887
44824 1917
44841 1929
44857 1951
44874 1970
44890 1986
44906 2006
44923 2016
44939 2036
44955 2062
44972 2078
44988 2096
45004 2127
45021 2132
45037 2149
45053 2167
45069 2185
45086 2198
45102 2222
45118 2239
45135 2251
45151 2276
45167 2287
45184 2306
45200 2326
45216 2343
45233 2366
45249 2380
45265 2389
45282 2415
45298 2421
45314 2443
45331 2456
45347 2484
45363 2493
45380 2517
45396 2531
45412 2543
45429 2563
45445 2580
45461 2589
45478 2607
45494 2627
45510 2645
45526 2658
45543 2674
45559 2686
45575 2700
45592 2715
45608 2730
45624 2746
45641 2764
45657 2764
45673 2786
45690 2808
45706 2819
45722 2830
45739 2851
45755 2865
45771 2870
45788 2889
45805 2902
45822 2920
45838 2928
45855 2944
45871 2958
45887 2969
45904 2979
45920 2993
45936 3002
45953 3020
45969 3025
45985 3030
46001 3045
46018 3056
46034 3045
46050 3083
46067 3088
46083 3106
46099 3110
46116 3125
46132 3128
46148 3144
46165 3148
46181 3159
46197 3165
46214 3175
46230 3179
46246 3194
46263 3197
46279 3208
46295 3221
46312 3221
46328 3230
46344 3242
46361 3243
46377 3249
46393 3256
46410 3263
46426 3273
46442 3289
46458 3282
46475 3290
46491 3296
46507 3294
46524 3303
46540 3310
46556 3309
46573 3317
46589 3331
46605 3323
46622 3325
46638 3330
46654 3331
46671 3335
46687 3341
46703 3338
46720 3333
46736 3344
46752 3347
46769 3356
46785 3355
46802 3360
46819 3358
46835 3359
46852 3364
46868 3364
46885 3363
46901 3359
46917 3352
46934 3351
46950 3348
46966 3340
46983 3337
46999 3327
47015 3316
47032 3306
47048 3286
47064 3277
47080 3259
47097 3256
47113 3232
47129 3223
47146 3203
47162 3182
47178 3171
47195 3145
47211 3119
47227 3099
47244 3071
47260 3047
47276 3025
47293 2996
47309 2962
47325 2942
47342 2909
47358 2861
47374 2845
47391 2814
47407 2778
47423 2739
47440 2704
47456 2669
47472 2638
47489 2600
47505 2571
47521 2535
47537 2483
47554 2450
47570 2408
47586 2367
47603 2328
47619 2294
47635 2244
47652 2208
47668 2165
47684 2126
47701 2077
47717 2041
47733 1994
47750 1954
47766 1909
47782 1856
47800 1819
47816 1775
47832 1726
47849 1704
47865 1649
47881 1605
47898 1559
47914 1518
47930 1480
47947 1440
47963 1392
47979 1361
47996 1316
48012 1275
48028 1238
48045 1195
48061 1156
48077 1121
48094 1077
48110 1039
48126 1000
48143 965
48159 945
48175 901
48191 859
48208 829
48224 803
48240 764
48257 735
48273 708
48289 672
48306 646
48322 619
48338 593
48355 563
48371 544
48387 513
48404 497
48420 476
48436 454
48453 435
48469 419
48485 393
48502 377
48518 363
48534 349
48551 340
48567 327
48583 313
48600 312
48616 293
48632 290
48648 285
48665 277
48681 265
48697 271
48714 261
48730 259
48746 266
48763 267
48779 264
48797 289
48813 270
48829 279
48845 274
48862 278
48878 283
48894 286
48911 291
48927 293
48943 300
48960 303
48976 305
48992 310
49009 335
49025 320
49041 322
49058 328
49074 333
49090 339
49107 344
49123 346
49139 357
49156 371
49172 374
49188 376
49205 382
49221 384
49237 391
49254 404
49270 412
49286 420
49302 435
49319 434
49335 444
49351 454
49368 460
49384 473
49400 478
49417 491
49433 510
49449 507
49466 513
49482 530
49498 537
49515 547
49531 559
49547 568
49564 576
49580 584
49596 595
49613 614
49629 623
49645 634
49662 643
49678 667
49694 671
49711 685
49727 706
49743 715
49759 726
49776 739
49793 749
49810 766
49826 777
49842 796
49859 803
49875 802
49891 834
49908 850
49924 845
49940 877
49956 894
49973 908
49989 925
50005 936
50022 952
50038 973
50054 982
50071 1003
50087 1017
50103 1031
50120 1042
50136 1068
50152 1078
50169 1098
50185 1114
50201 1127
50218 1147
50234 1165
50250 1179
50267 1199
50283 1212
50299 1221
50316 1248
50332 1264
50348 1277
50365 1301
50381 1321
50397 1337
50413 1351
50430 1371
50446 1385
50462 1406
50479 1417
50495 1431
50511 1458
50528 1471
50544 1490
50560 1513
50577 1529
50593 1547
50609 1556
50626 1579
50642 1597
50658 1605
50675 1630
50691 1653
50707 1665
50724 1694
50740 1709
50756 1732
50773 1747
50791 1766
50808 1794
50824 1810
50841 1827
50857 1846
50874 1863
50890 1886
50906 1897
50923 1921
50939 1939
50955 1948
50972 1973
50988 1988
51004 2010
51021 2033
51037 2048
51053 2071
51069 2090
51086 2106
51102 2119
51118 2136
51135 2154
51151 2174
51167 2192
51184 2207
51200 2225
51216 2247
51233 2261
51249 2279
51265 2296
51282 2311
51298 2332
51314 2352
51331 2360
51347 2382
51363 2400
51380 2416
51396 2432
51412 2460
51429 2386
51445 2487
51461 2502
51478 2515
51494 2537
51510 2546
51526 2568
51543 2583
51559 2597
51575 2613
51592 2632
51608 2645
51624 2661
51641 2679
51657 2678
51673 2702
51690 2708
51706 2730
51722 2749
51739 2766
51755 2777
51771 2810
51788 2807
51805 2829
51822 2836
51838 2855
51855 2860
51871 2879
51887 2896
51904 2908
51920 2919
51936 2935
51953 2945
51969 2955
51985 2971
52001 2981
52018 2993
52034 3004
52050 3014
52067 3029
52083 3040
52099 3050
52116 3072
52132 3072
52148 3084
52165 3091
52181 3103
52197 3108
52214 3125
52230 3130
52246 3143
52263 3153
52279 3160
52295 3170
52312 3179
52328 3185
52344 3197
52361 3204
52377 3213
52393 3208
52410 3223
52426 3234
52442 3241
52458 3243
52475 3251
52491 3262
52507 3261
52524 3270
52540 3279
52556 3281
52573 3288
52589 3288
52605 3297
52622 3282
52638 3313
52654 3314
52671 3320
52687 3317
52703 3322
52720 3330
52736 3326
52752 3329
52769 3340
52785 3338
52802 3346
52819 3349
52835 3355
52852 3351
52868 3353
52885 3358
52901 3356
52917 3357
52934 3365
52950 3362
52966 3362
52983 3368
52999 3362
53015 3359
53032 3355
53048 3345
53064 3342
53080 3331
53097 3324
53113 3313
53129 3332
53146 3310
53162 3282
53178 3274
53195 3267
53211 3237
53227 3221
53244 3199
53260 3188
53276 3160
53293 3147
53309 3120
53325 3099
53342 3074
53358 3048
53374 3020
53391 2997
53407 2963
53423 2937
53440 2909
53456 2866
53472 2842
53489 2811
53505 2778
53521 2743
53537 2709
53554 2677
53570 2640
53586 2603
53603 2560
53619 2533
53635 2486
53652 2448
53668 2408
53684 2367
53701 2327
53717 2294
53733 2233
53750 2209
53766 2164
53782 2129
53800 2072
53816 2033
53832 1980
53849 1952
53865 1904
53881 1863
53898 1824
53914 1778
53930 1735
53947 1692
53963 1648
53979 1608
53996 1559
54012 1526
54028 1476
54045 1437
54061 1405
54077 1355
54094 1313
54110 1272
54126 1234
54143 1193
54159 1154
54175 1122
54191 1074
54208 1039
54224 1001
54240 969
54257 945
54273 901
54289 866
54306 831
54322 799
54338 768
54355 730
54371 701
54387 687
54404 644
54420 617
54436 594
54453 560
54469 545
54485 515
54502 496
54518 475
54534 439
54551 431
54567 416
54583 396
54600 377
54616 361
54632 353
54648 343
54665 327
54681 313
54697 308
54714 297
54730 294
54746 283
54763 277
54779 267
54797 263
54813 266
54829 266
54845 264
54862 270
54878 260
54894 270
54911 263
54927 276
54943 276
54960 285
54976 287
54992 287
55009 313
55025 296
55041 305
55058 304
55074 300
55090 310
55107 315
55123 319
55139 326
55156 335
55172 336
55188 342
55205 344
55221 349
55237 358
55254 355
55270 362
55286 377
55302 382
55319 397
55335 406
55351 406
55368 415
55384 419
55400 428
55417 438
55433 445
55449 453
55466 463
55482 474
55498 487
55515 490
55531 496
55547 511
55564 516
55580 526
55596 539
55613 545
55629 553
55645 571
55662 577
55678 589
55694 605
55711 618
55727 628
55743 638
55759 646
55776 665
55793 673
55810 684
55826 700
55842 712
55859 725
55875 738
55891 751
55908 769
55924 782
55940 793
55956 797
55973 818
55989 829
56005 851
56022 864
56038 881
56054 900
56071 914
56087 926
56103 942
56120 959
56136 973
56152 987
56169 1004
56185 1018
56201 1037
56218 1051
56234 1062
56250 1081
56267 1103
56283 1113
56299 1135
56316 1148
56332 1157
56348 1181
56365 1200
56381 1215
56397 1237
56413 1262
56430 1274
56446 1287
56462 1307
56479 1322
56495 1340
56511 1353
56528 1374
56544 1389
56560 1407
56577 1424
56593 1443
56609 1456
56626 1479
56642 1491
56658 1513
56675 1531
56691 1547
56707 1561
56724 1584
56740 1601
56756 1624
56773 1640
56791 1659
56808 1696
56824 1702
56841 1715
56857 1740
56874 1752
56890 1778
56906 1792
56923 1815
56939 1834
56955 1851
56972 1867
56988 1902
57004 1901
57021 1923
57037 1944
57053 1960
57069 1977
57086 2005
57102 2019
57118 2038
57135 2057
57151 2071
57167 2089
57184 2107
57200 2123
57216 2149
57233 2161
57249 2178
57265 2200
57282 2218
57298 2229
57314 2253
57331 2266
57347 2286
57363 2294
57380 2311
57396 2336
57412 2352
57429 2440
57445 2389
57461 2407
57478 2420
57494 2440
57510 2457
57526 2475
57543 2490
57559 2509
57575 2524
57592 2538
57608 2558
57624 2572
57641 2594
57657 2603
57673 2620
57690 2631
57706 2643
57722 2661
57739 2681
57755 2693
57771 2711
57788 2728
57805 2749
57822 2769
57838 2773
57855 2789
57871 2805
57887 2815
57904 2830
57920 2845
57936 2855
57953 2871
57969 2886
57985 2896
58001 2915
58018 2922
58034 2933
58050 2953
58067 2953
58083 2976
58099 2985
58116 2990
58132 3007
58148 3031
58165 3082
58181 3046
58197 3059
58214 3062
58230 3078
58246 3084
58263 3098
58279 3108
58295 3114
58312 3130
58328 3134
58344 3151
58361 3157
58377 3164
58393 3171
58410 3182
58426 3188
58442 3200
58458 3209
58475 3212
58491 3220
58507 3227
58524 3232
58540 3242
58556 3244
58573 3257
58589 3260
58605 3265
58622 3275
58638 3280
58654 3282
58671 3291
58687 3292
58703 3302
58720 3306
58736 3310
58752 3313
58769 3315
58785 3333
58802 3318
58819 3332
58835 3338
58852 3334
58868 3340
58885 3340
58901 3343
58917 3348
58934 3348
58950 3347
58966 3355
58983 3356
58999 3361
59015 3362
59032 3360
59048 3362
59064 3364
59080 3359
59097 3407
59113 3351
59129 3348
59146 3343
59162 3333
59178 3323
59195 3320
59211 3306
59227 3299
59244 3279
59260 3274
59276 3258
59293 3241
59309 3233
59325 3211
59342 3188
59358 3172
59374 3149
59391 3129
59407 3108
59423 3081
59440 3056
59456 3033
59472 3000
59489 2978
59505 2943
59521 2916
59537 2886
59554 2855
59570 2823
59586 2799
59603 2755
59619 2725
59635 2687
59652 2650
59668 2617
59684 2576
59701 2538
59717 2493
59733 2459
59750 2425
59766 2385
59782 2342
59800 2301
59816 2257
59832 2219
59849 2158
59865 2133
59881 2098
59898 2052
59914 2011
59930 1995
59947 1925
59963 1885
59979 1834
59996 1787
60012 1752
60028 1702
60045 1665
60061 1618
60077 1579
60094 1532
60110 1494
60126 1447
60143 1414
60159 1368
60175 1330
60191 1292
60208 1240
60224 1207
60240 1172
60257 1126
60273 1092
60289 1054
60306 1021
60322 982
60338 947
60355 908
60371 877
60387 839
60404 809
60420 775
60436 744
60453 712
60469 683
60485 652
60502 626
60518 599
60534 573
60551 547
60567 524
60583 501
60600 482
60616 458
60632 442
60648 446
60665 403
60681 389
60697 372
60714 358
60730 345
60746 329
60763 320
60779 306
60797 304
60813 290
60829 287
60845 278
60862 269
60878 266
60894 261
60911 260
60927 258
60943 262
60960 260
60976 272
60992 270
61009 282
61025 281
61041 281
61058 287
61074 284
61090 292
61107 294
61123 292
61139 302
61156 304
61172 307
61188 322
61205 316
61221 321
61237 327
61254 336
61270 337
61286 335
61302 343
61319 367
61335 357
61351 366
61368 375
61384 383
61400 385
61417 398
61433 397
61449 412
61466 415
61482 430
61498 434
61515 442
61531 448
61547 460
61564 465
61580 477
61596 482
61613 492
61629 504
61645 509
61662 523
61678 531
61694 537
61711 542
61727 562
61743 585
61759 588
61776 597
61793 610
61810 620
61826 632
61842 645
61859 654
61875 667
61891 677
61908 690
61924 707
61940 715
61956 732
61973 746
61989 755
62005 773
62022 773
62038 801
62054 813
62071 828
62087 853
62103 862
62120 871
62136 890
62152 875
62169 913
62185 933
62201 947
62218 961
62234 980
62250 991
62267 1014
62283 1010
62299 1041
62316 1055
62332 1072
62348 1090
62365 1099
62381 1116
62397 1137
62413 1152
62430 1168
62446 1189
62462 1208
62479 1224
62495 1243
62511 1255
62528 1273
62544 1291
62560 1309
62577 1325
62593 1342
62609 1364
62626 1380
62642 1397
62658 1415
62675 1429
62691 1452
62707 1464
62724 1482
62740 1493
62756 1517
62773 1531
62791 1556
62808 1579
62824 1593
62841 1613
62857 1628
62874 1638
62890 1671
62906 1683
62923 1706
62939 1724
62955 1742
62972 1761
62988 1781
63004 1794
63021 1819
63037 1828
63053 1851
63069 1873
63086 1887
63102 1910
63118 1940
63135 1949
63151 1966
63167 1982
63184 2003
63200 2020
63216 2049
63233 2055
63249 2078
63265 2092
63282 2112
63298 2128
63314 2147
63331 2164
63347 2183
63363 2202
63380 2219
63396 2232
63412 2252
63429 2267
63445 2284
63461 2304
63478 2319
63494 2347
63510 2356
63526 2374
63543 2393
63559 2404
63575 2424
63592 2443
63608 2459
63624 2476
63641 2485
63657 2504
63673 2527
63690 2535
63706 2552
63722 2573
63739 2588
63755 2605
63771 2613
63788 2633
63805 2652
63822 2660
63838 2688
63855 2697
63871 2713
63887 2728
63904 2744
63920 2760
63936 2771
63953 2791
63969 2799
63985 2817
64001 2831
64018 2848
64034 2859
64050 2874
64067 2883
64083 2901
64099 2903
64116 2921
64132 2935
64148 2950
64165 2927
64181 2976
64197 2989
64214 2996
64230 3012
64246 3022
64263 3036
64279 3042
64295 3052
64312 3069
64328 3075
64344 3079
64361 3099
64377 3106
64393 3119
64410 3125
64426 3138
64442 3148
64458 3103
64475 3159
64491 3168
64507 3193
64524 3189
64540 3197
64556 3206
64573 3220
64589 3219
64605 3231
64622 3235
64638 3242
64654 3246
64671 3254
64687 3262
64703 3266
64720 3273
64736 3281
64752 3284
64769 3291
64785 3295
64802 3299
64819 3305
64835 3306
64852 3315
64868 3318
64885 3327
64901 3330
64917 3327
64934 3338
64950 3337
64966 3339
64983 3340
64999 3340
65015 3345
65032 3344
65048 3350
65064 3359
65080 3361
65097 3354
65113 3361
65129 3364
65146 3364
65162 3357
65178 3356
65195 3357
65211 3350
65227 3347
65244 3342
65260 3340
65276 3328
65293 3325
65309 3309
65325 3304
65342 3299
65358 3275
65374 3262
65391 3242
65407 3227
65423 3213
65440 3191
65456 3179
65472 3151
65489 3130
65505 3108
65521 3085
65537 3052
65554 3030
65570 3006
65586 2980
65603 2947
65619 2925
65635 2897
65652 2858
65668 2829
65684 2793
65701 2758
65717 2724
65733 2688
65750 2653
65766 2620
65782 2578
65800 2533
65816 2500
65832 2462
65849 2423
65865 2383
65881 2336
65898 2298
65914 2262
65930 2217
65947 2178
65963 2151
65979 2102
65996 2055
66012 2018
66028 1965
66045 1930
66061 1878
66077 1839
66094 1793
66110 1745
66126 1708
66143 1666
66159 1618
66175 1579
66191 1534
66208 1496
66224 1453
66240 1410
66257 1367
66273 1331
66289 1287
66306 1251
66322 1209
66338 1174
66355 1130
66371 1099
66387 1057
66404 1020
66420 983
66436 951
66453 911
66469 879
66485 841
66502 811
66518 778
66534 749
66551 713
66567 688
66583 653
66600 630
66616 596
66632 569
66648 551
66665 537
66681 503
66697 484
66714 464
66730 443
66746 424
66763 405
66779 392
66797 369
66813 356
66829 341
66845 331
66862 323
66878 310
66894 299
66911 291
66927 284
66943 277
66960 265
66976 266
