2 0
54 0
71 0
87 0
104 0
120 0
136 0
153 0
169 0
185 0
202 0
218 0
234 0
251 0
267 0
283 0
300 0
316 0
332 0
349 0
365 0
381 0
398 0
414 0
430 0
447 0
463 0
479 0
495 0
512 0
528 0
544 0
561 0
577 0
593 0
610 0
626 0
642 0
659 0
675 0
691 0
708 0
724 0
740 0
757 0
773 0
789 0
806 0
822 0
838 0
855 0
871 0
887 0
904 0
920 0
936 0
952 0
969 0
986 0
1003 0
1019 0
1036 0
1052 0
1068 0
1085 0
1101 0
1117 0
1133 0
1150 0
1166 0
1182 0
1199 0
1215 0
1231 0
1248 0
1264 0
1280 0
1297 0
1313 0
1329 0
1346 0
1362 0
1378 0
1395 0
1411 0
1427 0
1444 0
1460 0
1476 0
1493 0
1509 0
1525 0
1542 0
1558 0
1574 0
1590 0
1607 0
1623 0
1639 0
1656 0
1672 0
1688 0
1705 0
1721 0
1737 0
1754 0
1770 0
1786 0
1803 0
1819 0
1835 0
1852 0
1868 0
1884 0
1901 0
1917 0
1933 0
1950 2550
1966 2548
1984 2532
2001 2524
2017 2524
2033 2531
2050 2533
2066 2548
2082 2565
2099 2564
2115 2557
2131 2553
2147 2551
2164 2553
2180 2552
2196 2552
2213 2547
2229 2549
2245 2549
2262 2549
2278 2551
2294 2548
2311 2546
2327 2552
2343 2544
2360 2525
2376 2529
2392 2532
2409 2531
2425 2536
2441 2561
2458 2563
2474 2543
2490 2552
2507 2552
2523 2555
2539 2553
2556 2549
2572 2544
2588 2547
2604 2562
2621 2545
2637 2549
2653 2542
2670 2544
2686 2548
2702 2544
2719 2532
2735 2531
2751 2535
2768 2541
2784 2534
2800 2540
2817 2563
2833 2559
2849 2561
2866 2553
2882 2575
2898 2551
2915 2553
2931 2543
2947 2549
2964 2546
2980 2547
2997 2551
3014 2529
3030 2550
3046 2554
3063 2532
3079 2530
3095 2530
3112 2532
3128 2536
3144 2549
3161 2557
3177 2560
3193 2561
3210 2554
3226 2549
3242 2549
3259 2554
3275 2544
3291 2543
3307 2545
3324 2547
3340 2549
3356 2554
3373 2547
3389 2543
3405 2542
3422 2557
3438 2526
3454 2530
3471 2530
3487 2532
3503 2537
3520 2562
3536 2561
3552 2564
3569 2557
3585 2554
3601 2545
3618 2552
3634 2547
3650 2549
3667 2546
3683 2549
3699 2547
3716 2547
3732 2547
3748 2545
3764 2548
3781 2549
3797 2528
3813 2527
3830 2525
3846 2536
3862 2532
3879 2539
3895 2564
3911 2564
3928 2558
3944 2557
3960 2547
3977 2554
3994 2544
4010 2543
4027 2545
4043 2541
4060 2564
4076 2548
4092 2547
4109 2546
4125 2551
4141 2532
4158 2530
4174 2532
4190 2537
4207 2534
4223 2560
4239 2567
4256 2559
4272 2550
4288 2553
4305 2550
4321 2552
4337 2572
4354 2547
4370 2543
4386 2546
4402 2545
4419 0
4435 0
4451 0
4468 0
4484 0
4500 0
4517 0
4533 0
4549 0
4566 0
4582 0
4598 0
4615 0
4631 0
4647 0
4664 0
4680 0
4696 0
4713 0
4729 0
4745 0
4762 0
4778 0
4794 0
4811 0
4827 0
4843 0
4859 0
4876 0
4892 0
4908 0
4925 0
4941 0
4957 0
4974 0
4991 0
5008 0
5024 0
5040 0
5057 0
5073 0
5089 0
5106 0
5122 0
5138 0
5155 0
5171 0
5187 0
5204 0
5220 0
5236 0
5253 0
5269 0
5285 0
5302 0
5318 0
5334 0
5351 0
5367 0
5383 0
5400 0
5416 0
5432 0
5449 0
5465 0
5481 0
5497 0
5514 0
5530 0
5546 0
5563 0
5579 0
5595 0
5612 0
5628 0
5644 0
5661 0
5677 0
5693 0
5710 0
5726 0
5742 0
5759 0
5775 0
5791 0
5808 0
5824 0
5840 0
5857 0
5873 0
5889 0
5906 0
5922 0
5938 0
5954 0
5971 0
5988 0
6005 0
6021 0
6038 0
6054 0
6070 0
6087 0
6103 0
6119 0
6135 0
6152 0
6168 0
6184 0
6201 0
6217 0
6233 0
6250 0
6266 0
6282 0
6299 0
6315 0
6331 0
6348 0
6364 0
6380 0
6397 0
6413 0
6429 0
6446 0
6462 0
6478 0
6495 0
6511 0
6527 0
6544 0
6560 0
6576 0
6592 0
6609 0
6625 0
6641 0
6658 0
6674 0
6690 0
6707 0
6723 0
6739 0
6756 0
6772 0
6788 0
6805 0
6821 0
6837 0
6854 0
6870 0
6886 0
6903 2561
6919 2551
6935 2551
6952 2547
6968 2549
6985 2532
7002 2526
7018 2530
7035 2530
7051 2538
7067 2552
7084 2545
7100 2561
7116 2560
7133 2555
7149 2553
7165 2550
7182 2549
7198 2544
7214 2542
7230 2549
7247 2549
7263 2621
7279 2551
7296 2548
7312 2555
7328 2544
7345 2534
7361 2527
7377 2529
7394 2527
7410 2533
7426 2535
7443 2562
7459 2560
7475 2561
7492 2557
7508 2551
7524 2550
7541 2554
7557 2543
7573 2546
7590 2547
7606 2551
7622 2547
7639 2543
7655 2549
7671 2546
7687 2549
7704 2546
7720 2529
7736 2526
7753 2531
7769 2532
7785 2534
7802 2537
7818 2556
7834 2560
7851 2559
7867 2556
7883 2551
7900 2552
7916 2556
7932 2545
7949 2546
7965 2552
7981 2545
7999 2549
8015 2551
8031 2549
8048 2542
8064 2531
8080 2521
8097 2529
8113 2535
8129 2535
8146 2548
8162 2579
8178 2560
8195 2557
8211 2554
8227 2553
8244 2549
8260 2551
8276 2547
8293 2546
8309 2546
8325 2554
8341 2549
8358 2549
8374 2551
8390 2549
8407 2545
8423 2541
8439 2524
8456 2527
8472 2526
8488 2537
8505 2537
8521 2557
8537 2559
8554 2560
8570 2555
8586 2553
8603 2550
8619 2551
8635 2547
8652 2546
8668 2547
8684 2551
8701 2548
8717 2550
8733 2544
8750 2549
8766 2548
8782 2546
8798 2526
8815 2527
8831 2529
8847 2532
8864 2534
8880 2539
8896 2562
8913 2563
8929 2560
8945 2555
8962 2551
8978 2552
8995 2542
9012 2546
9028 2554
9045 2548
9061 2546
9078 2549
9094 2551
9110 2552
9127 2532
9143 2525
9159 2521
9176 2531
9192 2539
9208 2534
9225 2565
9241 2565
9257 2557
9274 2553
9290 2554
9306 2550
9323 2551
9339 2548
9355 2543
9371 0
9388 0
9404 0
9420 0
9437 0
9453 0
9469 0
9486 0
9502 0
9518 0
9535 0
9551 0
9567 0
9584 0
9600 0
9616 0
9633 0
9649 0
9665 0
9682 0
9698 0
9714 0
9731 0
9747 0
9763 0
9780 0
9796 0
9812 0
9828 0
9845 0
9861 0
9877 0
9894 0
9910 0
9926 0
9943 0
9959 0
9975 0
9993 0
10009 0
10026 0
10042 0
10058 0
10075 0
10091 0
10107 0
10124 0
10140 0
10156 0
10173 0
10189 0
10205 0
10222 0
10238 0
10254 0
10271 0
10287 0
10303 0
10320 0
10336 0
10352 0
10369 0
10385 0
10401 0
10418 0
10434 0
10450 0
10466 0
10483 0
10499 0
10515 0
10532 0
10548 0
10564 0
10581 0
10597 0
10613 0
10630 0
10646 0
10662 0
10679 0
10695 0
10711 0
10728 0
10744 0
10760 0
10777 0
10793 0
10809 0
10826 0
10842 0
10858 0
10875 0
10891 0
10907 0
10923 0
10940 0
10956 0
10972 0
10990 0
11006 0
11023 0
11039 0
11056 0
11072 0
11088 0
11104 0
11121 0
11137 0
11153 0
11170 0
11186 0
11202 0
11219 0
11235 0
11251 0
11268 0
11284 0
11300 0
11317 0
11333 0
11349 0
11366 0
11382 0
11398 0
11415 0
11431 0
11447 0
11464 0
11480 0
11496 0
11513 0
11529 0
11545 0
11561 0
11578 0
11594 0
11610 0
11627 0
11643 0
11659 0
11676 0
11692 0
11708 0
11725 0
11741 0
11757 0
11774 0
11790 0
11806 0
11823 0
11839 2578
11855 2548
11872 2549
11888 2544
11904 2551
11921 2549
11937 2555
11953 2550
11970 2555
11987 2529
12003 2527
12020 2532
12036 2533
12053 2537
12069 2558
12085 2560
12102 2551
12118 2560
12134 2554
12151 2552
12167 2551
12183 2552
12199 2549
12216 2541
12232 2539
12248 2538
12265 2563
12281 2567
12297 2560
12314 2555
12330 2557
12346 2534
12363 2530
12379 2532
12395 2534
12412 2539
12428 2549
12444 2566
12461 2565
12477 2561
12493 2557
12510 2558
12526 2540
12542 2536
12559 2533
12575 2533
12591 2534
12608 2545
12624 2553
12640 2565
12656 2545
12673 2559
12689 2556
12705 2549
12722 2529
12738 2533
12754 2529
12771 2535
12787 2539
12803 2560
12820 2567
12836 2565
12852 2560
12869 2553
12885 2534
12901 2536
12918 2533
12934 2538
12950 2540
12967 2543
12984 2563
13000 2562
13017 2550
13033 2551
13050 2541
13066 2525
13082 2529
13099 2531
13115 2539
13131 2537
13148 2562
13164 2559
13180 2566
13196 2556
13213 2571
13229 2532
13245 2532
13262 2532
13278 2540
13294 2537
13311 2540
13327 2539
13343 2560
13360 2563
13376 2559
13392 2556
13409 2557
13425 2526
13441 2529
13458 2530
13474 2534
13490 2536
13507 2558
13523 2565
13539 2560
13556 2558
13572 2528
13588 2540
13605 2539
13621 2550
13637 2535
13653 2537
13670 2568
13686 2540
13702 2559
13719 2557
13735 2560
13751 2566
13768 2553
13784 2539
13800 2530
13817 2527
13833 2533
13849 2536
13866 2540
13882 2559
13898 2563
13915 2562
13931 2557
13947 2553
13964 2539
13980 2533
13997 2537
14014 2543
14030 2541
14047 2567
14063 2563
14079 2558
14096 2552
14112 2554
14128 2550
14145 2547
14161 2511
14177 2545
14194 2542
14210 2544
14226 2542
14243 2546
14259 2539
14275 2543
14291 2551
14308 0
14324 0
14340 0
14357 0
14373 0
14389 0
14406 0
14422 0
14438 0
14455 0
14471 0
14487 0
14504 0
14520 0
14536 0
14553 0
14569 0
14585 0
14602 0
14618 0
14634 0
14651 0
14667 0
14683 0
14700 0
14716 0
14732 0
14748 0
14765 0
14781 0
14797 0
14814 0
14830 0
14846 0
14863 0
14879 0
14895 0
14912 0
14928 0
14944 0
14961 0
14977 0
14994 0
15011 0
15027 0
15043 0
15060 0
15076 0
15092 0
15109 0
15125 0
15141 0
15158 0
15174 0
15190 0
15207 0
15223 0
15239 0
15256 0
15272 0
15288 0
15305 0
15321 0
15337 0
15354 0
15370 0
15386 0
15402 0
15419 0
15435 0
15451 0
15468 0
15484 0
15500 0
15517 0
15533 0
15549 0
15566 0
15582 0
15598 0
15615 0
15631 0
15647 0
15664 0
15680 0
15696 0
15713 0
15729 0
15745 0
15762 0
15778 0
15794 0
15811 0
15827 0
15843 0
15859 0
15876 0
15892 0
15908 0
15925 0
15941 0
15957 0
15974 0
15991 0
16008 0
16024 0
16040 0
16057 0
16073 0
16089 0
16106 0
16122 0
16138 0
16155 0
16171 0
16187 0
16204 0
16220 0
16236 0
16253 0
16269 0
16285 0
16302 0
16318 0
16334 0
16351 0
16367 0
16383 0
16400 0
16416 0
16432 0
16449 0
16465 0
16481 0
16497 0
16514 0
16530 0
16546 0
16563 0
16579 0
16595 0
16612 0
16628 0
16644 0
16661 0
16677 0
16693 0
16710 0
16726 0
16742 0
16759 0
16775 2559
16791 2559
16808 2553
16824 2550
16840 2552
16857 2550
16873 2546
16889 2546
16906 2550
16922 2507
16938 2547
16954 2549
16971 2546
16988 2527
17005 2525
17021 2528
17038 2531
17054 2539
17070 2556
17087 2564
17103 2552
17119 2555
17135 2541
17152 2553
17168 2548
17184 2552
17201 2546
17217 2548
17233 2549
17250 2549
17266 2541
17282 2548
17299 2548
17315 2543
17331 2547
17348 2531
17364 2523
17380 2524
17397 2532
17413 2534
17429 2539
17446 2562
17462 2562
17478 2560
17495 2550
17511 2555
17527 2550
17544 2552
17560 2551
17576 2553
17592 2550
17609 2549
17625 2543
17641 2549
17658 2547
17674 2539
17690 2536
17707 2546
17723 2527
17739 2529
17756 2529
17772 2537
17788 2535
17805 2552
17821 2565
17837 2565
17854 2559
17870 2554
17886 2550
17903 2550
17919 2549
17935 2549
17952 2545
17968 2547
17985 2553
18002 2553
18018 2548
18035 2545
18051 2527
18067 2524
18084 2545
18100 2531
18116 2536
18133 2534
18149 2564
18165 2558
18182 2554
18198 2554
18214 2557
18230 2552
18247 2550
18263 2551
18279 2549
18296 2544
18312 2548
18328 2548
18345 2569
18361 2544
18377 2547
18394 2548
18410 2550
18426 2529
18443 2529
18459 2528
18475 2533
18492 2532
18508 2554
18524 2562
18541 2555
18557 2558
18573 2555
18590 2545
18606 2548
18622 2546
18639 2553
18655 2549
18671 2551
18687 2551
18704 2537
18720 2542
18736 2551
18753 2550
18769 2547
18785 2547
18802 2527
18818 2524
18834 2528
18851 2532
18867 2538
18883 2557
18900 2561
18916 2562
18932 2552
18949 2552
18965 2548
18981 2549
18999 2548
19015 2546
19031 2544
19048 2546
19064 2544
19080 2545
19097 2552
19113 2543
19129 2536
19146 2533
19162 2529
19178 2530
19195 2540
19211 2540
19227 2559
19244 0
19260 0
19276 0
19293 0
19309 0
19325 0
19341 0
19358 0
19374 0
19390 0
19407 0
19423 0
19439 0
19456 0
19472 0
19488 0
19505 0
19521 0
19537 0
19554 0
19570 0
19586 0
19603 0
19619 0
19635 0
19652 0
19668 0
19684 0
19701 0
19717 0
19733 0
19750 0
19766 0
19782 0
19798 0
19815 0
19831 0
19847 0
19864 0
19880 0
19896 0
19913 0
19929 0
19945 0
19962 0
19978 0
19995 0
20012 0
20028 0
20045 0
20061 0
20078 0
20094 0
20110 0
20127 0
20143 0
20159 0
20176 0
20192 0
20208 0
20225 0
20241 0
20257 0
20274 0
20290 0
20306 0
20323 0
20339 0
20355 0
20371 0
20388 0
20404 0
20420 0
20437 0
20453 0
20469 0
20486 0
20502 0
20518 0
20535 0
20551 0
20567 0
20584 0
20600 0
20616 0
20633 0
20649 0
20665 0
20682 0
20698 0
20714 0
20731 0
20747 0
20763 0
20780 0
20796 0
20812 0
20828 0
20845 0
20861 0
20877 0
20894 0
20910 0
20926 0
20943 0
20959 0
20975 0
20993 0
21009 0
21026 0
21042 0
21058 0
21075 0
21091 0
21107 0
21124 0
21140 0
21156 0
21173 0
21189 0
21205 0
21222 0
21238 0
21254 0
21271 0
21287 0
21303 0
21320 0
21336 0
21352 0
21369 0
21385 0
21401 0
21418 0
21434 0
21450 0
21466 0
21483 0
21499 0
21515 0
21532 0
21548 0
21564 0
21581 0
21597 0
21613 0
21630 0
21646 0
21662 0
21679 0
21695 0
21711 0
21728 2560
21744 2565
21760 2559
21777 2555
21793 2547
21809 2555
21826 2549
21842 2542
21858 2541
21875 2546
21891 2548
21907 2549
21923 2548
21940 2544
21956 2553
21972 2546
21990 2526
22006 2525
22023 2530
22039 2536
22056 2537
22072 2557
22088 2560
22104 2559
22121 2558
22137 2548
22153 2552
22170 2551
22186 2551
22202 2538
22219 2549
22235 2551
22251 2551
22268 2549
22284 2552
22300 2549
22317 2544
22333 2545
22349 2531
22366 2527
22382 2528
22398 2535
22415 2538
22431 2553
22447 2584
22464 2562
22480 2559
22496 2550
22513 2552
22529 2551
22545 2551
22561 2540
22578 2535
22594 2549
22610 2548
22627 2553
22643 2552
22659 2547
22676 2548
22692 2543
22708 2533
22725 2527
22741 2529
22757 2543
22774 2536
22790 2535
22806 2542
22823 2561
22839 2561
22855 2556
22872 2552
22888 2552
22904 2551
22921 2557
22937 2544
22953 2554
22970 2552
22987 2548
23003 2545
23020 2544
23036 2542
23053 2536
23069 2535
23085 2533
23102 2529
23118 2538
23134 2567
23151 2557
23167 2560
23183 2553
23199 2553
23216 2553
23232 2548
23248 2551
23265 2546
23281 2543
23297 2548
23314 2554
23330 2545
23346 2547
23363 2546
23379 2549
23395 2542
23412 2533
23428 2527
23444 2523
23461 2533
23477 2534
23493 2538
23510 2556
23526 2558
23542 2557
23559 2562
23575 2554
23591 2549
23608 2552
23624 2546
23640 2545
23656 2548
23673 2551
23689 2550
23705 2548
23722 2546
23738 2568
23754 2551
23771 2545
23787 2533
23803 2528
23820 2528
23836 2530
23852 2535
23869 2549
23885 2560
23901 2565
23918 2556
23934 2561
23950 2553
23967 2554
23984 2539
24000 2549
24017 2552
24033 2550
24050 2550
24066 2547
24082 2548
24099 2544
24115 2534
24131 2527
24148 2531
24164 2530
24180 2534
24196 0
24213 0
24229 0
24245 0
24262 0
24278 0
24294 0
24311 0
24327 0
24343 0
24360 0
24376 0
24392 0
24409 0
24425 0
24441 0
24458 0
24474 0
24490 0
24507 0
24523 0
24539 0
24556 0
24572 0
24588 0
24605 0
24621 0
24637 0
24653 0
24670 0
24686 0
24702 0
24719 0
24735 0
24751 0
24768 0
24784 0
24800 0
24817 0
24833 0
24849 0
24866 0
24882 0
24898 0
24915 0
24931 0
24947 0
24964 0
24980 0
24997 0
25014 0
25030 0
25047 0
25063 0
25079 0
25096 0
25112 0
25128 0
25145 0
25161 0
25177 0
25194 0
25210 0
25226 0
25243 0
25259 0
25275 0
25291 0
25308 0
25324 0
25340 0
25357 0
25373 0
25389 0
25406 0
25422 0
25438 0
25455 0
25471 0
25487 0
25504 0
25520 0
25536 0
25553 0
25569 0
25585 0
25602 0
25618 0
25634 0
25651 0
25667 0
25683 0
25700 0
25716 0
25732 0
25748 0
25765 0
25781 0
25797 0
25814 0
25830 0
25846 0
25863 0
25879 0
25895 0
25912 0
25928 0
25944 0
25961 0
25977 0
25994 0
26011 0
26027 0
26043 0
26060 0
26076 0
26092 0
26109 0
26125 0
26141 0
26158 0
26174 0
26190 0
26207 0
26223 0
26239 0
26256 0
26272 0
26288 0
26305 0
26321 0
26337 0
26354 0
26370 0
26386 0
26402 0
26419 0
26435 0
26451 0
26468 0
26484 0
26500 0
26517 0
26533 0
26549 0
26566 0
26582 0
26598 0
26615 0
26631 0
26647 0
26664 2530
26680 2534
26696 2539
26713 2540
26729 2557
26745 2566
26762 2563
26778 2552
26794 2554
26811 2546
26827 2549
26843 2549
26859 2545
26876 2544
26892 2549
26908 2537
26925 2547
26941 2548
26957 2549
26974 2552
26991 2524
27008 2531
27024 2532
27040 2535
27057 2542
27073 2562
27089 2560
27106 2547
27122 2556
27138 2551
27155 2550
27171 2546
27187 2558
27204 2544
27220 2551
27236 2547
27253 2547
27269 2561
27285 2547
27302 2545
27318 2554
27334 2543
27351 2526
27367 2538
27383 2533
27400 2534
27416 2536
27432 2552
27449 2585
27465 2561
27481 2558
27497 2549
27514 2555
27530 2553
27546 2548
27563 2544
27579 2541
27595 2541
27612 2547
27628 2543
27644 2543
27661 2548
27677 2543
27693 2545
27710 2540
27726 2530
27742 2528
27759 2535
27775 2539
27791 2537
27808 2561
27824 2563
27840 2561
27857 2557
27873 2554
27889 2534
27906 2552
27922 2548
27938 2542
27954 2542
27971 2545
27988 2545
28005 2549
28021 2549
28038 2549
28054 2533
28070 2528
28087 2530
28103 2533
28119 2535
28135 2561
28152 2567
28168 2558
28184 2556
28201 2554
28217 2553
28233 2551
28250 2548
28266 2525
28282 2548
28299 2538
28315 2542
28331 2548
28348 2548
28364 2545
28380 2546
28397 2549
28413 2539
28429 2531
28446 2535
28462 2533
28478 2536
28495 2536
28511 2563
28527 2566
28544 2561
28560 2557
28576 2552
28592 2545
28609 2549
28625 2546
28641 2551
28658 2549
28674 2550
28690 2547
28707 2553
28723 2549
28739 2549
28756 2542
28772 2549
28788 2526
28805 2530
28821 2525
28837 2531
28854 2541
28870 2549
28886 2564
28903 2565
28919 2559
28935 2556
28952 2548
28968 2531
28985 2541
29002 2536
29018 2541
29035 2558
29051 2570
29067 2555
29084 2563
29100 2557
29116 2539
29133 0
29149 0
29165 0
29182 0
29198 0
29214 0
29230 0
29247 0
29263 0
29279 0
29296 0
29312 0
29328 0
29345 0
29361 0
29377 0
29394 0
29410 0
29426 0
29443 0
29459 0
29475 0
29492 0
29508 0
29524 0
29541 0
29557 0
29573 0
29590 0
29606 0
29622 0
29639 0
29655 0
29671 0
29687 0
29704 0
29720 0
29736 0
29753 0
29769 0
29785 0
29802 0
29818 0
29834 0
29851 0
29867 0
29883 0
29900 0
29916 0
29932 0
29949 0
29965 0
29981 0
29999 0
30015 0
30031 0
30048 0
30064 0
30080 0
30097 0
30113 0
30129 0
30146 0
30162 0
30178 0
30195 0
30211 0
30227 0
30244 0
30260 0
30276 0
30293 0
30309 0
30325 0
30341 0
30358 0
30374 0
30390 0
30407 0
30423 0
30439 0
30456 0
30472 0
30488 0
30505 0
30521 0
30537 0
30554 0
30570 0
30586 0
30603 0
30619 0
30635 0
30652 0
30668 0
30684 0
30701 0
30717 0
30733 0
30750 0
30766 0
30782 0
30798 0
30815 0
30831 0
30847 0
30864 0
30880 0
30896 0
30913 0
30929 0
30945 0
30962 0
30978 0
30995 0
31012 0
31028 0
31045 0
31061 0
31078 0
31094 0
31110 0
31127 0
31143 0
31159 0
31176 0
31192 0
31208 0
31225 0
31241 0
31257 0
31274 0
31290 0
31306 0
31323 0
31339 0
31355 0
31371 0
31388 0
31404 0
31420 0
31437 0
31453 0
31469 0
31486 0
31502 0
31518 0
31535 0
31551 0
31567 0
31584 0
31600 0
31616 2553
31633 2544
31649 2545
31665 2536
31682 2543
31698 2543
31714 2541
31731 2538
31747 2550
31763 2539
31780 2544
31796 2540
31812 2541
31828 2559
31845 2544
31861 2546
31877 2549
31894 2550
31910 2552
31926 2547
31943 2556
31959 2547
31975 2548
31993 2525
32009 2532
32026 2536
32042 2537
32058 2556
32075 2564
32091 2565
32107 2548
32124 2553
32140 2551
32156 2549
32173 2544
32189 2544
32205 2548
32222 2547
32238 2547
32254 2549
32271 2550
32287 2551
32303 2548
32320 2549
32336 2537
32352 2527
32369 2525
32385 2533
32401 2536
32418 2541
32434 2559
32450 2561
32466 2559
32483 2561
32499 2552
32515 2552
32532 2549
32548 2551
32564 2507
32581 2549
32597 2547
32613 2552
32630 2550
32646 2547
32662 2548
32679 2554
32695 2568
32711 2530
32728 2528
32744 2530
32760 2533
32777 2535
32793 2548
32809 2568
32826 2561
32842 2555
32858 2552
32875 2554
32891 2549
32907 2548
32923 2548
32940 2550
32956 2548
32972 2552
32990 2546
33006 2542
33023 2549
33039 2534
33056 2528
33072 2522
33088 2532
33104 2531
33121 2540
33137 2555
33153 2554
33170 2556
33186 2561
33202 2555
33219 2554
33235 2547
33251 2551
33268 2550
33284 2549
33300 2548
33317 2547
33333 2548
33349 2552
33366 2541
33382 2540
33398 2550
33415 2528
33431 2529
33447 2532
33464 2532
33480 2540
33496 2550
33513 2562
33529 2561
33545 2558
33561 2554
33578 2555
33594 2551
33610 2537
33627 2545
33643 2548
33659 2545
33676 2550
33692 2549
33708 2545
33725 2549
33741 2545
33757 2547
33774 2551
33790 2522
33806 2528
33823 2534
33839 2535
33855 2533
33872 2558
33888 2566
33904 2561
33921 2556
33937 2556
33953 2557
33970 2557
33987 2550
34003 2553
34020 2552
34036 2543
34053 2550
34069 2549
34085 0
34102 0
34118 0
34134 0
34151 0
34167 0
34183 0
34199 0
34216 0
34232 0
34248 0
34265 0
34281 0
34297 0
34314 0
34330 0
34346 0
34363 0
34379 0
34395 0
34412 0
34428 0
34444 0
34461 0
34477 0
34493 0
34510 0
34526 0
34542 0
34559 0
34575 0
34591 0
34608 0
34624 0
34640 0
34656 0
34673 0
34689 0
34705 0
34722 0
34738 0
34754 0
34771 0
34787 0
34803 0
34820 0
34836 0
34852 0
34869 0
34885 0
34901 0
34918 0
34934 0
34950 0
34967 0
34984 0
35000 0
35017 0
35033 0
35050 0
35066 0
35082 0
35099 0
35115 0
35131 0
35148 0
35164 0
35180 0
35196 0
35213 0
35229 0
35245 0
35262 0
35278 0
35294 0
35311 0
35327 0
35343 0
35360 0
35376 0
35392 0
35409 0
35425 0
35441 0
35458 0
35474 0
35490 0
35507 0
35523 0
35539 0
35556 0
35572 0
35588 0
35605 0
35621 0
35637 0
35653 0
35670 0
35686 0
35702 0
35719 0
35735 0
35751 0
35768 0
35784 0
35800 0
35817 0
35833 0
35849 0
35866 0
35882 0
35898 0
35915 0
35931 0
35947 0
35964 0
35980 0
35997 0
36014 0
36030 0
36047 0
36063 0
36079 0
36096 0
36112 0
36128 0
36145 0
36161 0
36177 0
36194 0
36210 0
36226 0
36243 0
36259 0
36275 0
36291 0
36308 0
36324 0
36340 0
36357 0
36373 0
36389 0
36406 0
36422 0
36438 0
36455 0
36471 0
36487 0
36504 0
36520 0
36536 0
36553 2547
36569 2550
36585 2546
36602 2545
36618 2542
36634 2524
36651 2526
36667 2533
36683 2533
36700 2535
36716 2547
36732 2586
36748 2560
36765 2566
36781 2551
36797 2557
36814 2547
36830 2550
36846 2544
36863 2541
36879 2547
36895 2548
36912 2543
36928 2544
36944 2545
36961 2547
36977 2544
36994 2531
37011 2529
37027 2533
37043 2534
37060 2554
37076 2566
37092 2563
37109 2549
37125 2556
37141 2549
37158 2543
37174 2550
37190 2545
37207 2544
37223 2545
37239 2543
37256 2547
37272 2545
37288 2548
37305 2544
37321 2544
37337 2538
37354 2531
37370 2529
37386 2531
37402 2532
37419 2539
37435 2561
37451 2563
37468 2557
37484 2556
37500 2551
37517 2547
37533 2547
37549 2550
37566 2545
37582 2549
37598 2544
37615 2546
37631 2545
37647 2549
37664 2543
37680 2547
37696 2544
37713 2532
37729 2528
37745 2529
37762 2532
37778 2539
37794 2548
37811 2557
37827 2560
37843 2562
37859 2559
37876 2552
37892 2543
37908 2549
37925 2547
37941 2544
37957 2546
37974 2550
37991 2550
38008 2547
38024 2542
38040 2536
38057 2528
38073 2528
38089 2530
38106 2530
38122 2538
38138 2558
38155 2566
38171 2560
38187 2559
38204 2553
38220 2553
38236 2549
38253 2548
38269 2545
38285 2547
38302 2548
38318 2553
38334 2551
38351 2550
38367 2549
38383 2556
38400 2544
38416 2530
38432 2528
38449 2528
38465 2532
38481 2532
38497 2544
38514 2564
38530 2559
38546 2559
38563 2556
38579 2552
38595 2549
38612 2553
38628 2545
38644 2544
38661 2547
38677 2552
38693 2551
38710 2550
38726 2549
38742 2552
38759 2548
38775 2545
38791 2530
38808 2528
38824 2530
38840 2534
38857 2536
38873 2557
38889 2564
38906 2564
38922 2558
38938 2556
38954 2549
38971 2554
38988 2542
39005 2548
39021 0
39038 0
39054 0
39070 0
39087 0
39103 0
39119 0
39135 0
39152 0
39168 0
39184 0
39201 0
39217 0
39233 0
39250 0
39266 0
39282 0
39299 0
39315 0
39331 0
39348 0
39364 0
39380 0
39397 0
39413 0
39429 0
39446 0
39462 0
39478 0
39495 0
39511 0
39527 0
39544 0
39560 0
39576 0
39592 0
39609 0
39625 0
39641 0
39658 0
39674 0
39690 0
39707 0
39723 0
39739 0
39756 0
39772 0
39788 0
39805 0
39821 0
39837 0
39854 0
39870 0
39886 0
39903 0
39919 0
39935 0
39952 0
39968 0
39985 0
40002 0
40018 0
40035 0
40051 0
40067 0
40084 0
40100 0
40116 0
40133 0
40149 0
40165 0
40182 0
40198 0
40214 0
40230 0
40247 0
40263 0
40279 0
40296 0
40312 0
40328 0
40345 0
40361 0
40377 0
40394 0
40410 0
40426 0
40443 0
40459 0
40475 0
40492 0
40508 0
40524 0
40541 0
40557 0
40573 0
40590 0
40606 0
40622 0
40639 0
40655 0
40671 0
40687 0
40704 0
40720 0
40736 0
40753 0
40769 0
40785 0
40802 0
40818 0
40834 0
40851 0
40867 0
40883 0
40900 0
40916 0
40932 0
40949 0
40965 0
40981 0
40999 0
41015 0
41031 0
41048 0
41064 0
41080 0
41097 0
41113 0
41129 0
41146 0
41162 0
41178 0
41195 0
41211 0
41227 0
41244 0
41260 0
41276 0
41293 0
41309 0
41325 0
41341 0
41358 0
41374 0
41390 0
41407 0
41423 0
41439 0
41456 0
41472 0
41488 0
41505 2552
41521 2551
41537 2552
41554 2554
41570 2547
41586 2543
41603 2546
41619 2547
41635 2543
41652 2523
41668 2520
41684 2531
41701 2537
41717 2535
41733 2555
41750 2564
41766 2539
41782 2557
41798 2551
41815 2552
41831 2550
41847 2548
41864 2541
41880 2548
41896 2547
41913 2548
41929 2550
41945 2552
41962 2544
41978 2548
41995 2525
42012 2528
42028 2533
42045 2537
42061 2560
42078 2561
42094 2562
42110 2556
42127 2556
42143 2551
42159 2547
42176 2548
42192 2545
42208 2548
42225 2550
42241 2541
42257 2550
42274 2549
42290 2548
42306 2548
42323 2548
42339 2525
42355 2531
42371 2528
42388 2530
42404 2536
42420 2545
42437 2577
42453 2562
42469 2558
42486 2558
42502 2551
42518 2549
42535 2547
42551 2517
42567 2543
42584 2549
42600 2549
42616 2550
42633 2548
42649 2552
42665 2545
42682 2545
42698 2546
42714 2529
42731 2523
42747 2532
42763 2533
42780 2538
42796 2560
42812 2564
42828 2560
42845 2559
42861 2556
42877 2552
42894 2549
42910 2547
42926 2543
42943 2550
42959 2550
42975 2551
42993 2545
43009 2547
43026 2543
43042 2528
43058 2530
43075 2530
43091 2530
43107 2534
43124 2540
43140 2565
43156 2564
43173 2549
43189 2555
43205 2550
43222 2553
43238 2560
43254 2547
43271 2542
43287 2550
43303 2550
43320 2550
43336 2546
43352 2549
43369 2528
43385 2543
43401 2544
43418 2526
43434 2527
43450 2532
43466 2533
43483 2535
43499 2555
43515 2563
43532 2561
43548 2561
43564 2549
43581 2553
43597 2551
43613 2549
43630 2544
43646 2546
43662 2552
43679 2550
43695 2550
43711 2549
43728 2544
43744 2548
43760 2545
43777 2528
43793 2526
43809 2529
43826 2533
43842 2537
43858 2536
43875 2562
43891 2562
43907 2560
43923 2555
43940 2553
43956 2550
43972 0
43990 0
44006 0
44023 0
44039 0
44056 0
44072 0
44088 0
44104 0
44121 0
44137 0
44153 0
44170 0
44186 0
44202 0
44219 0
44235 0
44251 0
44268 0
44284 0
44300 0
44317 0
44333 0
44349 0
44366 0
44382 0
44398 0
44415 0
44431 0
44447 0
44464 0
44480 0
44496 0
44513 0
44529 0
44545 0
44561 0
44578 0
44594 0
44610 0
44627 0
44643 0
44659 0
44676 0
44692 0
44708 0
44725 0
44741 0
44757 0
44774 0
44790 0
44806 0
44823 0
44839 0
44855 0
44872 0
44888 0
44904 0
44921 0
44937 0
44953 0
44970 0
44987 0
45003 0
45020 0
45036 0
45053 0
45069 0
45085 0
45102 0
45118 0
45134 0
45151 0
45167 0
45183 0
45199 0
45216 0
45232 0
45248 0
45265 0
45281 0
45297 0
45314 0
45330 0
45346 0
45363 0
45379 0
45395 0
45412 0
45428 0
45444 0
45461 0
45477 0
45493 0
45510 0
45526 0
45542 0
45559 0
45575 0
45591 0
45608 0
45624 0
45640 0
45656 0
45673 0
45689 0
45705 0
45722 0
45738 0
45754 0
45771 0
45787 0
45803 0
45820 0
45836 0
45852 0
45869 0
45885 0
45901 0
45918 0
45934 0
45950 0
45967 0
45984 0
46000 0
46017 0
46033 0
46050 0
46066 0
46082 0
46099 0
46115 0
46131 0
46148 0
46164 0
46180 0
46196 0
46213 0
46229 0
46245 0
46262 0
46278 0
46294 0
46311 0
46327 0
46343 0
46360 0
46376 0
46392 0
46409 0
46425 0
46441 2535
46458 2548
46474 2535
46490 2535
46507 2543
46523 2541
46539 2556
46556 2562
46572 2559
46588 2556
46605 2557
46621 2552
46637 2529
46653 2528
46670 2533
46686 2536
46702 2540
46719 2556
46735 2566
46751 2549
46768 2555
46784 2515
46800 2539
46817 2529
46833 2538
46849 2533
46866 2538
46882 2538
46898 2541
46915 2537
46931 2564
46947 2555
46964 2549
46980 2529
46997 2527
47014 2533
47030 2537
47047 2539
47063 2563
47079 2555
47096 2550
47112 2559
47128 2556
47145 2532
47161 2528
47177 2534
47194 2532
47210 2540
47226 2537
47243 2551
47259 2556
47275 2566
47291 2559
47308 2541
47324 2550
47340 2529
47357 2527
47373 2532
47389 2531
47406 2543
47422 2557
47438 2538
47455 2548
47471 2541
47487 2539
47504 2540
47520 2542
47536 2540
47553 2542
47569 2541
47585 2542
47602 2544
47618 2541
47634 2540
47651 2539
47667 2540
47683 2541
47700 2541
47716 2543
47732 2542
47748 2540
47765 2543
47781 2540
47797 2543
47814 2558
47830 2543
47846 2543
47863 2541
47879 2536
47895 2546
47912 2542
47928 2544
47944 2543
47961 2540
47977 2542
47994 2542
48011 2540
48027 2539
48043 2539
48060 2544
48076 2537
48092 2539
48109 2538
48125 2543
48141 2541
48158 2550
48174 2542
48190 2541
48207 2541
48223 2546
48239 2542
48256 2542
48272 2542
48288 2542
48305 2542
48321 2542
48337 2539
48354 2542
48370 2539
48386 2548
48402 2539
48419 2540
48435 2537
48451 2542
48468 2543
48484 2537
48500 2539
48517 2566
48533 2560
48549 2556
48566 2551
48582 2554
48598 2549
48615 2550
48631 2547
48647 2548
48664 2546
48680 2558
48696 2547
48713 2550
48729 2547
48745 2548
48762 2549
48778 2537
48794 2525
48811 2506
48827 2528
48843 2536
48859 2537
48876 2561
48892 2559
48908 0
48925 0
48941 0
48957 0
48974 0
48991 0
49008 0
49024 0
49040 0
49057 0
49073 0
49089 0
49106 0
49122 0
49138 0
49155 0
49171 0
49187 0
49204 0
49220 0
49236 0
49253 0
49269 0
49285 0
49302 0
49318 0
49334 0
49351 0
49367 0
49383 0
49400 0
49416 0
49432 0
49449 0
49465 0
49481 0
49497 0
49514 0
49530 0
49546 0
49563 0
49579 0
49595 0
49612 0
49628 0
49644 0
49661 0
49677 0
49693 0
49710 0
49726 0
49742 0
49759 0
49775 0
49791 0
49808 0
49824 0
49840 0
49857 0
49873 0
49889 0
49906 0
49922 0
49938 0
49954 0
49971 0
49988 0
50005 0
50021 0
50038 0
50054 0
50070 0
50087 0
50103 0
50119 0
50135 0
50152 0
50168 0
50184 0
50201 0
50217 0
50233 0
50250 0
50266 0
50282 0
50299 0
50315 0
50331 0
50348 0
50364 0
50380 0
50397 0
50413 0
50429 0
50446 0
50462 0
50478 0
50495 0
50511 0
50527 0
50544 0
50560 0
50576 0
50592 0
50609 0
50625 0
50641 0
50658 0
50674 0
50690 0
50707 0
50723 0
50739 0
50756 0
50772 0
50788 0
50805 0
50821 0
50837 0
50854 0
50870 0
50886 0
50903 0
50919 0
50935 0
50952 0
50968 0
50985 0
51002 0
51018 0
51035 0
51051 0
51067 0
51084 0
51100 0
51116 0
51133 0
51149 0
51165 0
51182 0
51198 0
51214 0
51230 0
51247 0
51263 0
51279 0
51296 0
51312 0
51328 0
51345 0
51361 0
51377 2563
51394 2552
51410 2557
51426 2552
51443 2549
51459 2547
51475 2551
51492 2541
51508 2544
51524 2546
51541 2555
51557 2551
51573 2549
51590 2540
51606 2547
51622 2548
51639 2528
51655 2538
51671 2529
51687 2531
51704 2537
51720 2558
51736 2560
51753 2552
51769 2554
51785 2554
51802 2554
51818 2548
51834 2542
51851 2547
51867 2552
51883 2549
51900 2550
51916 2544
51932 2547
51949 2548
51965 2549
51981 2524
51999 2525
52015 2528
52031 2537
52048 2539
52064 2558
52080 2562
52097 2557
52113 2553
52129 2558
52146 2551
52162 2557
52178 2549
52195 2554
52211 2549
52227 2551
52244 2545
52260 2549
52276 2548
52293 2550
52309 2548
52325 2549
52341 2529
52358 2531
52374 2530
52390 2537
52407 2534
52423 2539
52439 2563
52456 2567
52472 2559
52488 2551
52505 2554
52521 2556
52537 2549
52554 2553
52570 2545
52586 2549
52603 2546
52619 2551
52635 2546
52652 2554
52668 2546
52684 2551
52701 2549
52717 2530
52733 2530
52750 2533
52766 2531
52782 2540
52798 2561
52815 2565
52831 2559
52847 2559
52864 2553
52880 2550
52896 2550
52913 2542
52929 2546
52945 2548
52962 2544
52978 2549
52995 2542
53012 2544
53028 2552
53045 2534
53061 2532
53078 2533
53094 2538
53110 2536
53127 2555
53143 2560
53159 2563
53176 2558
53192 2557
53208 2550
53225 2549
53241 2546
53257 2549
53274 2547
53290 2548
53306 2547
53323 2550
53339 2551
53355 2551
53371 2538
53388 2563
53404 2530
53420 2529
53437 2522
53453 2535
53469 2530
53486 2496
53502 2556
53518 2561
53535 2567
53551 2557
53567 2550
53584 2548
53600 2552
53616 2550
53633 2546
53649 2548
53665 2546
53682 2551
53698 2551
53714 2547
53731 2546
53747 2550
53763 2548
53780 2534
53796 2528
53812 2524
53828 2534
53845 0
53861 0
53877 0
53894 0
53910 0
53926 0
53943 0
53959 0
53975 0
53993 0
54009 0
54026 0
54042 0
54058 0
54075 0
54091 0
54107 0
54124 0
54140 0
54156 0
54173 0
54189 0
54205 0
54222 0
54238 0
54254 0
54271 0
54287 0
54303 0
54320 0
54336 0
54352 0
54369 0
54385 0
54401 0
54418 0
54434 0
54450 0
54466 0
54483 0
54499 0
54515 0
54532 0
54548 0
54564 0
54581 0
54597 0
54613 0
54630 0
54646 0
54662 0
54679 0
54695 0
54711 0
54728 0
54744 0
54760 0
54777 0
54793 0
54809 0
54826 0
54842 0
54858 0
54875 0
54891 0
54907 0
54923 0
54940 0
54956 0
54972 0
54990 0
55006 0
55023 0
55039 0
55056 0
55072 0
55088 0
55104 0
55121 0
55137 0
55153 0
55170 0
55186 0
55202 0
55219 0
55235 0
55251 0
55268 0
55284 0
55300 0
55317 0
55333 0
55349 0
55366 0
55382 0
55398 0
55415 0
55431 0
55447 0
55464 0
55480 0
55496 0
55513 0
55529 0
55545 0
55561 0
55578 0
55594 0
55610 0
55627 0
55643 0
55659 0
55676 0
55692 0
55708 0
55725 0
55741 0
55757 0
55774 0
55790 0
55806 0
55823 0
55839 0
55855 0
55872 0
55888 0
55904 0
55921 0
55937 0
55953 0
55970 0
55987 0
56003 0
56020 0
56036 0
56053 0
56069 0
56085 0
56102 0
56118 0
56134 0
56151 0
56167 0
56183 0
56199 0
56216 0
56232 0
56248 0
56265 0
56281 0
56297 0
56314 0
56330 2535
56346 2559
56363 2560
56379 2560
56395 2556
56412 2552
56428 2547
56444 2552
56461 2545
56477 2544
56493 2548
56510 2547
56526 2549
56542 2553
56559 2547
56575 2546
56591 2544
56608 2540
56624 2527
56640 2529
56656 2523
56673 2530
56689 2535
56705 2534
56722 2558
56738 2563
56754 2556
56771 2558
56787 2551
56803 2557
56820 2553
56836 2549
56852 2547
56869 2550
56885 2547
56901 2551
56918 2552
56934 2537
56950 2550
56967 2529
56984 2529
57000 2527
57017 2536
57033 2535
57050 2559
57066 2563
57082 2557
57099 2553
57115 2554
57131 2552
57148 2554
57164 2545
57180 2545
57196 2541
57213 2545
57229 2549
57245 2549
57262 2547
57278 2547
57294 2547
57311 2545
57327 2528
57343 2528
57360 2526
57376 2529
57392 2536
57409 2536
57425 2559
57441 2561
57458 2556
57474 2556
57490 2552
57507 2550
57523 2550
57539 2547
57556 2537
57572 2549
57588 2551
57605 2548
57621 2545
57637 2552
57653 2547
57670 2549
57686 2545
57702 2532
57719 2524
57735 2532
57751 2531
57768 2539
57784 2549
57800 2558
57817 2561
57833 2551
57849 2555
57866 2555
57882 2549
57898 2549
57915 2545
57931 2548
57947 2548
57964 2551
57980 2547
57997 2554
58014 2548
58030 2530
58047 2527
58063 2524
58079 2533
58096 2532
58112 2538
58128 2560
58145 2564
58161 2551
58177 2558
58194 2552
58210 2555
58226 2549
58243 2549
58259 2542
58275 2552
58291 2528
58308 2549
58324 2549
58340 2547
58357 2548
58373 2549
58389 2541
58406 2528
58422 2525
58438 2529
58455 2533
58471 2542
58487 2550
58504 2563
58520 2560
58536 2560
58553 2552
58569 2549
58585 2549
58602 2487
58618 2545
58634 2545
58651 2552
58667 2549
58683 2550
58700 2550
58716 2550
58732 2548
58748 2543
58765 2534
58781 2522
58797 0
58814 0
58830 0
58846 0
58863 0
58879 0
58895 0
58912 0
58928 0
58944 0
58961 0
58977 0
58994 0
59011 0
59027 0
59043 0
59060 0
59076 0
59092 0
59109 0
59125 0
59141 0
59158 0
59174 0
59190 0
59207 0
59223 0
59239 0
59256 0
59272 0
59288 0
59305 0
59321 0
59337 0
59354 0
59370 0
59386 0
59402 0
59419 0
59435 0
59451 0
59468 0
59484 0
59500 0
59517 0
59533 0
59549 0
59566 0
59582 0
59598 0
59615 0
59631 0
59647 0
59664 0
59680 0
59696 0
59713 0
59729 0
59745 0
59762 0
59778 0
59794 0
59811 0
59827 0
59843 0
59859 0
59876 0
59892 0
59908 0
59925 0
59941 0
59957 0
59974 0
59991 0
60008 0
60024 0
60040 0
60057 0
60073 0
60089 0
60106 0
60122 0
60138 0
60155 0
60171 0
60187 0
60204 0
60220 0
60236 0
60253 0
60269 0
60285 0
60302 0
60318 0
60334 0
60351 0
60367 0
60383 0
60400 0
60416 0
60432 0
60449 0
60465 0
60481 0
60497 0
60514 0
60530 0
60546 0
60563 0
60579 0
60595 0
60612 0
60628 0
60644 0
60661 0
60677 0
60693 0
60710 0
60726 0
60742 0
60759 0
60775 0
60791 0
60808 0
60824 0
60840 0
60857 0
60873 0
60889 0
60906 0
60922 0
60938 0
60954 0
60971 0
60988 0
61005 0
61021 0
61038 0
61054 0
61070 0
61087 0
61103 0
61119 0
61135 0
61152 0
61168 0
61184 0
61201 0
61217 0
61233 0
61250 0
61266 2528
61282 2530
61299 2532
61315 2540
61331 2535
61348 2552
61364 2558
61380 2560
61397 2555
61413 2554
61429 2549
61446 2551
61462 2545
61478 2546
61495 2546
61511 2546
61527 2529
61544 2543
61560 2543
61576 2561
61592 2546
61609 2548
61625 2519
61641 2525
61658 2525
61674 2533
61690 2535
61707 2550
61723 2561
61739 2565
61756 2560
61772 2557
61788 2553
61805 2549
61821 2548
61837 2534
61854 2545
61870 2546
61886 2549
61903 2547
61919 2552
61935 2553
61952 2550
61968 2550
61985 2525
62002 2526
62018 2534
62035 2537
62051 2550
62067 2552
62084 2555
62100 2559
62116 2556
62133 2551
62149 2549
62165 2546
62182 2549
62198 2536
62214 2539
62230 2540
62247 2557
62263 2564
62279 2560
62296 2559
62312 2556
62328 2535
62345 2526
62361 2527
62377 2531
62394 2534
62410 2538
62426 2560
62443 2566
62459 2555
62475 2557
62492 2554
62508 2537
62524 2538
62541 2531
62557 2529
62573 2537
62590 2538
62606 2543
62622 2566
62639 2559
62655 2558
62671 2555
62687 2552
62704 2539
62720 2521
62736 2530
62753 2531
62769 2536
62785 2555
62802 2568
62818 2560
62834 2556
62851 2550
62867 2556
62883 2535
62900 2534
62916 2535
62932 2535
62949 2538
62965 2541
62981 2559
62999 2557
63015 2548
63031 2553
63048 2525
63064 2531
63080 2522
63097 2532
63113 2536
63129 2555
63146 2564
63162 2560
63178 2555
63195 2555
63211 2534
63227 2533
63244 2528
63260 2535
63276 2534
63293 2538
63309 2532
63325 2554
63341 2561
63358 2562
63374 2554
63390 2554
63407 2541
63423 2526
63439 2524
63456 2533
63472 2539
63488 2538
63505 2558
63521 2561
63537 2561
63554 2556
63570 2549
63586 2534
63603 2522
63619 2534
63635 2536
63652 2561
63668 2538
63684 2539
63701 2563
63717 2568
63733 0
63750 0
63766 0
63782 0
63798 0
63815 0
63831 0
63847 0
63864 0
63880 0
63896 0
63913 0
63929 0
63945 0
63962 0
63978 0
63995 0
64012 0
64028 0
64045 0
64061 0
64078 0
64094 0
64110 0
64127 0
64143 0
64159 0
64176 0
64192 0
64208 0
64225 0
64241 0
64257 0
64274 0
64290 0
64306 0
64323 0
64339 0
64355 0
64371 0
64388 0
64404 0
64420 0
64437 0
64453 0
64469 0
64486 0
64502 0
64518 0
64535 0
64551 0
64567 0
64584 0
64600 0
64616 0
64633 0
64649 0
64665 0
64682 0
64698 0
64714 0
64731 0
64747 0
64763 0
64780 0
64796 0
64812 0
64828 0
64845 0
64861 0
64877 0
64894 0
64910 0
64926 0
64943 0
64959 0
64975 0
64993 0
65009 0
65026 0
65042 0
65058 0
65075 0
65091 0
65107 0
65124 0
65140 0
65156 0
65173 0
65189 0
65205 0
65222 0
65238 0
65254 0
65271 0
65287 0
65303 0
65320 0
65336 0
65352 0
65369 0
65385 0
65401 0
65418 0
65434 0
65450 0
65466 0
65483 0
65499 0
65515 0
65532 0
65548 0
65564 0
65581 0
65597 0
65613 0
65630 0
65646 0
65662 0
65679 0
65695 0
65711 0
65728 0
65744 0
65760 0
65777 0
65793 0
65809 0
65826 0
65842 0
65858 0
65875 0
65891 0
65907 0
65923 0
65940 0
65956 0
65972 0
65990 0
66006 0
66023 0
66039 0
66056 0
66072 0
66088 0
66104 0
66121 0
66137 0
66153 0
66170 0
66186 0
66202 0
66219 2551
66235 2551
66251 2534
66268 2528
66284 2535
66300 2532
66317 2537
66333 2539
66349 2562
66366 2564
66382 2562
66398 2553
66415 2556
66431 2552
66447 2547
66464 2552
66480 2554
66496 2553
66513 2550
66529 2549
66545 2549
66561 2552
66578 2546
66594 2548
66610 2550
66627 2528
66643 2529
66659 2532
66676 2536
66692 2538
66708 2558
66725 2563
66741 2561
66757 2581
66774 2557
66790 2549
66806 2548
66823 2547
66839 2547
66855 2549
66872 2550
66888 2544
66904 2548
66921 2546
66937 2545
66953 2549
66970 2551
